time	speciation	extinction	trait_weighted_speciation	trait_weighted_extinction	sampling
0.0	0.1	0.0	0.0	0.0	3.5985227396438315
0.010002857959416977	0.1	0.1	0.13555555555555557	0.13555555555555557	3.5985227396438315
0.020005715918833954	0.1	0.09997427101200686	0.13555555555555557	0.13552067848294258	3.5985227396438315
0.03000857387825093	0.1	0.09994854202401372	0.13392857142857142	0.13385965449644693	3.5985227396438315
0.04001143183766791	0.1	0.09992281303602057	0.13392857142857142	0.13382519603038467	3.5985227396438315
0.05001428979708489	0.1	0.09989708404802744	0.13392857142857142	0.13379073756432244	3.5985227396438315
0.06001714775650186	0.1	0.0998713550600343	0.13392857142857142	0.13375627909826027	3.5985227396438315
0.07002000571591883	0.1	0.09984562607204116	0.13392857142857142	0.13372182063219798	3.5985227396438315
0.08002286367533581	0.1	0.09981989708404804	0.13228699551569506	0.13204874277934603	3.5985227396438315
0.0900257216347528	0.1	0.09979416809605487	0.13392857142857142	0.13365290370007346	3.5985227396438315
0.10002857959416978	0.1	0.09976843910806175	0.13392857142857142	0.13361844523401126	3.5985227396438315
0.11003143755358674	0.1	0.0997427101200686	0.13228699551569506	0.1319466344637679	3.5985227396438315
0.12003429551300372	0.1	0.09971698113207547	0.13228699551569506	0.1319125983585752	3.5985227396438315
0.1300371534724207	0.1	0.09969125214408232	0.13228699551569506	0.13187856225338246	3.916283966642888
0.14004001143183767	0.1	0.09966552315608919	0.13228699551569506	0.13184452614818973	3.916283966642888
0.15004286939125466	0.1	0.09963979416809607	0.13228699551569506	0.13181049004299702	3.916283966642888
0.16004572735067163	0.1	0.0996140651801029	0.13063063063063063	0.13012648154157586	3.916283966642888
0.1700485853100886	0.1	0.09958833619210979	0.13063063063063063	0.1300928716023056	3.916283966642888
0.1800514432695056	0.1	0.09956260720411664	0.13063063063063063	0.13005926166303527	3.916283966642888
0.19005430122892256	0.1	0.0995368782161235	0.13063063063063063	0.1300256517237649	3.916283966642888
0.20005715918833955	0.1	0.09951114922813036	0.13063063063063063	0.12999204178449458	3.916283966642888
0.21006001714775652	0.1	0.09948542024013722	0.13063063063063063	0.1299584318452243	3.916283966642888
0.22006287510717348	0.1	0.09945969125214407	0.13063063063063063	0.12992482190595397	3.916283966642888
0.23006573306659048	0.1	0.09943396226415094	0.13063063063063063	0.12989121196668368	3.916283966642888
0.24006859102600744	0.1	0.09940823327615779	0.13063063063063063	0.12985760202741334	3.916283966642888
0.25007144898542444	0.1	0.09938250428816467	0.13063063063063063	0.12982399208814305	3.916283966642888
0.2600743069448414	0.1	0.09935677530017153	0.13063063063063063	0.12979038214887276	3.916283966642888
0.27007716490425837	0.1	0.09933104631217839	0.13063063063063063	0.12975677220960238	3.916283966642888
0.28008002286367534	0.1	0.09930531732418525	0.13063063063063063	0.12972316227033207	3.916283966642888
0.2900828808230923	0.1	0.0992795883361921	0.13063063063063063	0.12968955233106177	3.916283966642888
0.3000857387825093	0.1	0.09925385934819897	0.12727272727272726	0.1263230937158896	3.916283966642888
0.3100885967419263	0.1	0.09922813036020582	0.12727272727272726	0.12629034773117104	3.916283966642888
0.32009145470134326	0.1	0.0992024013722127	0.12727272727272726	0.12625760174645254	3.916283966642888
0.3300943126607602	0.1	0.09917667238421954	0.12727272727272726	0.12622485576173395	3.916283966642888
0.3400971706201772	0.1	0.09915094339622642	0.12727272727272726	0.12619210977701542	3.916283966642888
0.3501000285795942	0.1	0.09912521440823328	0.12727272727272726	0.1261593637922969	3.916283966642888
0.3601028865390112	0.1	0.09909948542024014	0.12790697674418605	0.12675515577007462	3.916283966642888
0.37010574449842815	0.1	0.099073756432247	0.12790697674418605	0.12672224659938575	3.916283966642888
0.3801086024578451	0.1	0.09904802744425385	0.12727272727272726	0.12606112583814127	3.916283966642888
0.3901114604172621	0.1	0.09902229845626072	0.12727272727272726	0.12602837985342275	3.916283966642888
0.4001143183766791	0.1	0.09899656946826757	0.12727272727272726	0.1259956338687042	3.916283966642888
0.41011717633609607	0.1	0.09897084048027445	0.12727272727272726	0.12596288788398566	3.916283966642888
0.42012003429551303	0.1	0.09894511149228129	0.12727272727272726	0.1259301418992671	3.916283966642888
0.43012289225493	0.1	0.09891938250428817	0.12727272727272726	0.12589739591454857	3.916283966642888
0.44012575021434697	0.1	0.09889365351629502	0.12727272727272726	0.12586464992983	3.916283966642888
0.45012860817376393	0.1	0.09886792452830188	0.12727272727272726	0.12583190394511148	3.916283966642888
0.46013146613318096	0.1	0.09884219554030875	0.12727272727272726	0.12579915796039298	3.916283966642888
0.4701343240925979	0.1	0.0988164665523156	0.12727272727272726	0.12576641197567442	3.916283966642888
0.4801371820520149	0.1	0.09879073756432248	0.12895927601809956	0.127399819935891	3.916283966642888
0.49014004001143185	0.1	0.09876500857632932	0.12895927601809956	0.12736664001924825	3.916283966642888
0.5001428979708489	0.1	0.0987392795883362	0.12895927601809956	0.1273334601026055	3.916283966642888
0.5101457559302658	0.1	0.09871355060034305	0.12895927601809956	0.12730028018596276	3.916283966642888
0.5201486138896828	0.1	0.09868782161234992	0.12895927601809956	0.12726710026932003	3.916283966642888
0.5301514718490997	0.1	0.09866209262435677	0.12895927601809956	0.12723392035267728	3.916283966642888
0.5401543298085167	0.1	0.09863636363636363	0.12895927601809956	0.12720074043603458	3.916283966642888
0.5501571877679338	0.1	0.0986106346483705	0.12962962962962962	0.1278286004701099	3.916283966642888
0.5601600457273507	0.1	0.09858490566037735	0.12962962962962962	0.12779524807826692	3.916283966642888
0.5701629036867677	0.1	0.09855917667238423	0.1313364055299539	0.1294440799614263	3.916283966642888
0.5801657616461846	0.1	0.09853344768439107	0.1313364055299539	0.12941028843341684	3.916283966642888
0.5901686196056016	0.1	0.09850771869639795	0.12895927601809956	0.12703484085282088	3.916283966642888
0.6001714775650187	0.1	0.0984819897084048	0.12895927601809956	0.12700166093617812	3.916283966642888
0.6101743355244356	0.1	0.09845626072041166	0.12895927601809956	0.12696848101953542	3.916283966642888
0.6201771934838526	0.1	0.09843053173241852	0.12895927601809956	0.12693530110289267	3.916283966642888
0.6301800514432695	0.1	0.09840480274442538	0.13063063063063063	0.12854681439587096	3.916283966642888
0.6401829094026865	0.1	0.09837907375643223	0.13063063063063063	0.12851320445660067	3.916283966642888
0.6501857673621035	0.1	0.0983533447684391	0.13063063063063063	0.12847959451733038	3.916283966642888
0.6601886253215205	0.1	0.09832761578044598	0.13063063063063063	0.12844598457806006	3.916283966642888
0.6701914832809375	0.1	0.09830188679245283	0.12895927601809956	0.12676940151967897	3.916283966642888
0.6801943412403544	0.1	0.0982761578044597	0.12895927601809956	0.12673622160303627	3.916283966642888
0.6901971991997714	0.1	0.09825042881646655	0.12895927601809956	0.1267030416863935	3.916283966642888
0.7002000571591884	0.1	0.09822469982847341	0.12895927601809956	0.12666986176975076	3.916283966642888
0.7102029151186053	0.1	0.09819897084048027	0.12895927601809956	0.12663668185310803	3.916283966642888
0.7202057730780224	0.1	0.09817324185248713	0.12895927601809956	0.12660350193646527	3.916283966642888
0.7302086310374393	0.1	0.09814751286449398	0.12895927601809956	0.12657032201982255	3.916283966642888
0.7402114889968563	0.1	0.09812178387650086	0.12727272727272726	0.12488227038827382	3.916283966642888
0.7502143469562733	0.1	0.09809605488850773	0.12727272727272726	0.12484952440355529	3.916283966642888
0.7602172049156902	0.1	0.09807032590051458	0.12727272727272726	0.12481677841883675	3.916283966642888
0.7702200628751072	0.1	0.09804459691252145	0.12727272727272726	0.12478403243411822	3.916283966642888
0.7802229208345242	0.1	0.0980188679245283	0.12727272727272726	0.12475128644939965	3.916283966642888
0.7902257787939412	0.1	0.09799313893653516	0.12727272727272726	0.1247185404646811	0.6422529033544814
0.8002286367533582	0.1	0.09796740994854201	0.12790697674418605	0.12530715225976308	0.6422529033544814
0.8102314947127751	0.1	0.0979416809605489	0.12790697674418605	0.12527424308907417	0.6422529033544814
0.8202343526721921	0.1	0.09791595197255573	0.12790697674418605	0.12524133391838524	0.6422529033544814
0.830237210631609	0.1	0.09789022298456261	0.12790697674418605	0.12520842474769642	0.6422529033544814
0.8402400685910261	0.1	0.09786449399656946	0.12790697674418605	0.12517551557700743	0.6422529033544814
0.850242926550443	0.1	0.09783876500857633	0.12790697674418605	0.12514260640631852	0.6422529033544814
0.86024578450986	0.1	0.0978130360205832	0.12790697674418605	0.12510969723562965	0.6422529033544814
0.870248642469277	0.1	0.09778730703259005	0.12790697674418605	0.12507678806494074	0.6422529033544814
0.8802515004286939	0.1	0.09776157804459691	0.12790697674418605	0.12504387889425192	0.6422529033544814
0.890254358388111	0.1	0.09773584905660376	0.12790697674418605	0.12501096972356296	0.6422529033544814
0.9002572163475279	0.1	0.09771012006861064	0.12790697674418605	0.1249780605528741	0.6422529033544814
0.9102600743069449	0.1	0.09768439108061748	0.12679425837320574	0.12385819921705087	0.6422529033544814
0.9202629322663619	0.1	0.09765866209262436	0.12679425837320574	0.12382557633753809	0.6422529033544814
0.9302657902257788	0.1	0.09763293310463121	0.12679425837320574	0.12379295345802524	0.6422529033544814
0.9402686481851958	0.1	0.09760720411663809	0.1261682242990654	0.12314927622192656	0.6422529033544814
0.9502715061446128	0.1	0.09758147512864494	0.1261682242990654	0.12311681441464549	0.6422529033544814
0.9602743641040298	0.1	0.09755574614065181	0.12679425837320574	0.12369508481948678	0.6422529033544814
0.9702772220634468	0.1	0.09753001715265867	0.12679425837320574	0.1236624619399739	0.6422529033544814
0.9802800800228637	0.1	0.09750428816466553	0.12679425837320574	0.12362983906046106	0.6422529033544814
0.9902829379822807	0.1	0.09747855917667239	0.125	0.12184819897084048	0.6422529033544814
1.0002857959416978	0.1	0.09745283018867924	0.125	0.12181603773584905	0.6422529033544814
1.0102886539011147	0.1	0.09742710120068611	0.125	0.12178387650085763	0.6422529033544814
1.0202915118605316	0.1	0.09740137221269297	0.125	0.12175171526586621	0.6422529033544814
1.0302943698199487	0.1	0.09737564322469983	0.125	0.12171955403087478	0.6422529033544814
1.0402972277793656	0.1	0.09734991423670669	0.125	0.12168739279588339	0.6422529033544814
1.0503000857387825	0.1	0.09732418524871356	0.125	0.12165523156089193	0.6422529033544814
1.0603029436981994	0.1	0.09729845626072042	0.125	0.12162307032590054	0.6422529033544814
1.0703058016576166	0.1	0.09727272727272727	0.12679425837320574	0.12333623314484558	0.6422529033544814
1.0803086596170335	0.1	0.09724699828473414	0.12679425837320574	0.12330361026533275	0.6422529033544814
1.0903115175764504	0.1	0.09722126929674099	0.12679425837320574	0.12327098738581992	0.6422529033544814
1.1003143755358675	0.1	0.09719554030874786	0.12679425837320574	0.12323836450630707	0.6422529033544814
1.1103172334952844	0.1	0.09716981132075472	0.12679425837320574	0.12320574162679425	0.6422529033544814
1.1203200914547014	0.1	0.09714408233276157	0.12679425837320574	0.12317311874728144	0.6422529033544814
1.1303229494141185	0.1	0.09711835334476844	0.12679425837320574	0.12314049586776861	0.6422529033544814
1.1403258073735354	0.1	0.0970926243567753	0.12857142857142856	0.12483337417299684	0.6422529033544814
1.1503286653329523	0.1	0.09706689536878217	0.12857142857142856	0.12480029404557712	0.6422529033544814
1.1603315232923692	0.1	0.09704116638078902	0.12857142857142856	0.12476721391815734	0.6422529033544814
1.1703343812517863	0.1	0.09701543739279589	0.12857142857142856	0.12473413379073754	0.6422529033544814
1.1803372392112033	0.1	0.09698970840480275	0.12857142857142856	0.12470105366331784	0.6422529033544814
1.1903400971706202	0.1	0.0969639794168096	0.12790697674418605	0.12402369460289603	0.6422529033544814
1.2003429551300373	0.1	0.09693825042881647	0.12790697674418605	0.12399078543220705	0.6422529033544814
1.2103458130894542	0.1	0.09691252144082332	0.12790697674418605	0.12395787626151818	0.6422529033544814
1.2203486710488711	0.1	0.09688679245283019	0.1261682242990654	0.12224034561805681	0.6422529033544814
1.2303515290082883	0.1	0.09686106346483705	0.1261682242990654	0.12220788381077573	0.6422529033544814
1.2403543869677052	0.1	0.09683533447684392	0.12679425837320574	0.12278164419312743	0.6422529033544814
1.250357244927122	0.1	0.09680960548885079	0.12679425837320574	0.12274902131361462	0.6422529033544814
1.260360102886539	0.1	0.09678387650085764	0.12679425837320574	0.12271639843410177	0.6422529033544814
1.2703629608459561	0.1	0.0967581475128645	0.12679425837320574	0.12268377555458893	0.6422529033544814
1.280365818805373	0.1	0.09673241852487136	0.12679425837320574	0.1226511526750761	0.6422529033544814
1.29036867676479	0.1	0.09670668953687822	0.12679425837320574	0.1226185297955633	0.6422529033544814
1.300371534724207	0.1	0.09668096054888509	0.12679425837320574	0.12258590691605047	0.6422529033544814
1.310374392683624	0.1	0.09665523156089194	0.12745098039215685	0.1231880402246662	0.6422529033544814
1.320377250643041	0.1	0.0966295025728988	0.12745098039215685	0.12315524837722397	0.6422529033544814
1.3303801086024578	0.1	0.09660377358490566	0.12745098039215685	0.12312245652978172	0.6422529033544814
1.340382966561875	0.1	0.09657804459691254	0.12745098039215685	0.1230896646823395	0.6422529033544814
1.3503858245212919	0.1	0.09655231560891939	0.12857142857142856	0.12413869149718208	0.6422529033544814
1.3603886824807088	0.1	0.09652658662092625	0.12857142857142856	0.12410561136976234	0.6422529033544814
1.370391540440126	0.1	0.0965008576329331	0.13033175355450238	0.12577125994813554	0.6422529033544814
1.3803943983995428	0.1	0.09647512864493997	0.13033175355450238	0.1257377269069123	0.6422529033544814
1.3903972563589597	0.1	0.09644939965694684	0.1320754716981132	0.12738599954691093	0.6422529033544814
1.4004001143183769	0.1	0.09642367066895369	0.1320754716981132	0.1273520178646558	0.6422529033544814
1.4104029722777938	0.1	0.09639794168096055	0.13380281690140844	0.12898316140410213	0.6422529033544814
1.4204058302372107	0.1	0.0963722126929674	0.1346153846153846	0.1297318247789946	0.6422529033544814
1.4304086881966276	0.1	0.09634648370497427	0.1346153846153846	0.12969718960284998	0.6422529033544814
1.4404115461560447	0.1	0.09632075471698114	0.1346153846153846	0.12966255442670538	0.6422529033544814
1.4504144041154616	0.1	0.096295025728988	0.13285024154589373	0.12792817427764108	0.6422529033544814
1.4604172620748785	0.1	0.09626929674099487	0.13366336633663367	0.1286767827726169	0.6422529033544814
1.4704201200342957	0.1	0.09624356775300172	0.13366336633663367	0.1286423925411409	0.6422529033544814
1.4804229779937126	0.1	0.09621783876500858	0.1318407960199005	0.1268543645409317	0.6422529033544814
1.4904258359531295	0.1	0.09619210977701544	0.13106796116504854	0.12607703708637946	0.6422529033544814
1.5004286939125466	0.1	0.0961663807890223	0.13106796116504854	0.1260433146263885	0.6422529033544814
1.5104315518719635	0.1	0.09614065180102917	0.13106796116504854	0.1260095921663974	0.6422529033544814
1.5204344098313805	0.1	0.09611492281303602	0.13106796116504854	0.12597586970640645	0.6422529033544814
1.5304372677907974	0.1	0.09608919382504288	0.13106796116504854	0.12594214724641542	0.6422529033544814
1.5404401257502145	0.1	0.09606346483704975	0.13033175355450238	0.12520119824733972	0.6422529033544814
1.5504429837096314	0.1	0.09603773584905662	0.13033175355450238	0.12516766520611644	0.6422529033544814
1.5604458416690483	0.1	0.09601200686106347	0.13033175355450238	0.1251341321648932	0.6422529033544814
1.5704486996284654	0.1	0.09598627787307033	0.13033175355450238	0.12510059912366991	0.6422529033544814
1.5804515575878824	0.1	0.09596054888507718	0.13033175355450238	0.12506706608244655	0.6422529033544814
1.5904544155472993	0.1	0.09593481989708405	0.13033175355450238	0.1250335330412233	0.6422529033544814
1.6004572735067164	0.1	0.09590909090909092	0.13033175355450238	0.12499999999999997	0.6422529033544814
1.6104601314661333	0.1	0.09588336192109777	0.13033175355450238	0.12496646695877668	0.6422529033544814
1.6204629894255502	0.1	0.09585763293310463	0.13033175355450238	0.12493293391755339	0.6422529033544814
1.6304658473849671	0.1	0.09583190394511149	0.13033175355450238	0.12489940087633009	0.6422529033544814
1.6404687053443843	0.1	0.09580617495711836	0.13033175355450238	0.12486586783510686	0.6422529033544814
1.6504715633038012	0.1	0.09578044596912522	0.13033175355450238	0.12483233479388357	0.6422529033544814
1.660474421263218	0.1	0.09575471698113208	0.13033175355450238	0.12479880175266031	0.6422529033544814
1.6704772792226352	0.1	0.09572898799313895	0.13033175355450238	0.12476526871143706	0.6422529033544814
1.6804801371820521	0.1	0.0957032590051458	0.13033175355450238	0.12473173567021367	0.6422529033544814
1.690482995141469	0.1	0.09567753001715266	0.13033175355450238	0.12469820262899044	0.6422529033544814
1.700485853100886	0.1	0.09565180102915952	0.13033175355450238	0.12466466958776715	0.6422529033544814
1.710488711060303	0.1	0.09562607204116638	0.13033175355450238	0.12463113654654384	0.6422529033544814
1.72049156901972	0.1	0.09560034305317325	0.13033175355450238	0.12459760350532056	0.6422529033544814
1.730494426979137	0.1	0.0955746140651801	0.12857142857142856	0.1228816466552316	0.6422529033544814
1.740497284938554	0.1	0.09554888507718698	0.12857142857142856	0.12284856652781181	0.6422529033544814
1.750500142897971	0.1	0.09552315608919383	0.12857142857142856	0.12281548640039208	0.6422529033544814
1.7605030008573879	0.1	0.0954974271012007	0.12679425837320574	0.12108525445846023	0.6422529033544814
1.770505858816805	0.1	0.09547169811320755	0.12679425837320574	0.12105263157894738	0.6422529033544814
1.780508716776222	0.1	0.09544596912521441	0.12679425837320574	0.12102000869943452	0.6422529033544814
1.7905115747356388	0.1	0.09542024013722128	0.12679425837320574	0.12098738581992173	0.6422529033544814
1.8005144326950557	0.1	0.09539451114922813	0.12679425837320574	0.12095476294040884	2.6849393170678186
1.8105172906544729	0.1	0.095368782161235	0.12679425837320574	0.12092214006089602	2.6849393170678186
1.8205201486138898	0.1	0.09534305317324185	0.12679425837320574	0.1208895171813832	2.6849393170678186
1.8305230065733067	0.1	0.09531732418524871	0.12679425837320574	0.12085689430187037	2.6849393170678186
1.8405258645327238	0.1	0.09529159519725558	0.12679425837320574	0.1208242714223576	2.6849393170678186
1.8505287224921407	0.1	0.09526586620926245	0.12679425837320574	0.12079164854284476	2.6849393170678186
1.8605315804515576	0.1	0.0952401372212693	0.12679425837320574	0.12075902566333188	2.6849393170678186
1.8705344384109748	0.1	0.09521440823327616	0.12679425837320574	0.12072640278381909	2.6849393170678186
1.8805372963703917	0.1	0.09518867924528303	0.12679425837320574	0.12069377990430626	2.6849393170678186
1.8905401543298086	0.1	0.09516295025728988	0.12679425837320574	0.12066115702479341	2.6849393170678186
1.9005430122892255	0.1	0.09513722126929675	0.12679425837320574	0.12062853414528053	2.6849393170678186
1.9105458702486426	0.1	0.0951114922813036	0.12679425837320574	0.12059591126576771	2.6849393170678186
1.9205487282080596	0.1	0.09508576329331046	0.12679425837320574	0.12056328838625488	2.6849393170678186
1.9305515861674765	0.1	0.09506003430531733	0.12926829268292683	0.12288248337028822	2.6849393170678186
1.9405544441268936	0.1	0.0950343053173242	0.12926829268292683	0.12284922394678494	2.6849393170678186
1.9505573020863105	0.1	0.09500857632933106	0.12745098039215685	0.12108936198836313	2.6849393170678186
1.9605601600457274	0.1	0.09498284734133791	0.12679425837320574	0.12043279686820359	2.6849393170678186
1.9705630180051443	0.1	0.09495711835334478	0.12857142857142856	0.12208772359715755	2.6849393170678186
1.9805658759645615	0.1	0.09493138936535163	0.12857142857142856	0.12205464346973782	2.6849393170678186
1.9905687339239784	0.1	0.0949056603773585	0.12857142857142856	0.12202156334231806	2.6849393170678186
2.0005715918833955	0.1	0.09487993138936536	0.12857142857142856	0.12198848321489829	2.6849393170678186
2.0105744498428124	0.1	0.09485420240137221	0.12790697674418605	0.12132514260640634	2.6849393170678186
2.0205773078022293	0.1	0.09482847341337908	0.12790697674418605	0.1212922334357174	2.6849393170678186
2.0305801657616462	0.1	0.09480274442538593	0.12790697674418605	0.12125932426502851	2.6849393170678186
2.040583023721063	0.1	0.09477701543739281	0.12962962962962962	0.12285909408550919	2.6849393170678186
2.05058588168048	0.1	0.09475128644939966	0.12962962962962962	0.12282574169366622	2.6849393170678186
2.0605887396398974	0.1	0.09472555746140653	0.12962962962962962	0.12279238930182326	2.6849393170678186
2.0705915975993143	0.1	0.09469982847341338	0.12962962962962962	0.12275903690998032	2.6849393170678186
2.0805944555587312	0.1	0.09467409948542024	0.12962962962962962	0.12272568451813737	2.6849393170678186
2.090597313518148	0.1	0.09464837049742711	0.1313364055299539	0.12430776770399413	2.6849393170678186
2.100600171477565	0.1	0.09462264150943396	0.1313364055299539	0.1242739761759847	2.6849393170678186
2.110603029436982	0.1	0.09459691252144083	0.13033175355450238	0.12328981489761247	2.6849393170678186
2.120605887396399	0.1	0.09457118353344768	0.13106796116504854	0.12395252210694596	2.6849393170678186
2.1306087453558162	0.1	0.09454545454545454	0.1318407960199005	0.12464947987336045	2.6849393170678186
2.140611603315233	0.1	0.09451972555746141	0.1318407960199005	0.12461555857078246	2.6849393170678186
2.15061446127465	0.1	0.09449399656946827	0.1318407960199005	0.12458163726820441	2.6849393170678186
2.160617319234067	0.1	0.09446826758147514	0.1318407960199005	0.12454771596562642	2.6849393170678186
2.170620177193484	0.1	0.09444253859348199	0.1318407960199005	0.12451379466304842	2.6849393170678186
2.180623035152901	0.1	0.09441680960548886	0.13	0.12274185248713551	2.6849393170678186
2.190625893112318	0.1	0.09439108061749571	0.13	0.12270840480274443	2.6849393170678186
2.200628751071735	0.1	0.09436535162950258	0.13	0.12267495711835334	2.6849393170678186
2.210631609031152	0.1	0.09433962264150944	0.13	0.12264150943396226	2.6849393170678186
2.220634466990569	0.1	0.09431389365351629	0.13	0.12260806174957119	2.6849393170678186
2.230637324949986	0.1	0.09428816466552316	0.13	0.1225746140651801	2.6849393170678186
2.2406401829094027	0.1	0.09426243567753002	0.13	0.122541166380789	2.6849393170678186
2.2506430408688196	0.1	0.09423670668953689	0.13	0.12250771869639797	2.6849393170678186
2.260645898828237	0.1	0.09421097770154374	0.13	0.12247427101200685	2.6849393170678186
2.270648756787654	0.1	0.0941852487135506	0.13	0.1224408233276158	2.6849393170678186
2.280651614747071	0.1	0.09415951972555747	0.13	0.12240737564322471	2.6849393170678186
2.2906544727064877	0.1	0.09413379073756432	0.12814070351758794	0.12062370169888897	2.6849393170678186
2.3006573306659046	0.1	0.09410806174957119	0.12814070351758794	0.1205907323926666	2.6849393170678186
2.3106601886253215	0.1	0.09408233276157804	0.12814070351758794	0.1205577630864442	2.6849393170678186
2.3206630465847384	0.1	0.09405660377358491	0.12814070351758794	0.12052479378022188	2.6849393170678186
2.330665904544156	0.1	0.09403087478559176	0.12814070351758794	0.12049182447399948	2.6849393170678186
2.3406687625035727	0.1	0.09400514579759864	0.13	0.12220668953687827	2.6849393170678186
2.3506716204629896	0.1	0.09397941680960549	0.13	0.12217324185248712	2.6849393170678186
2.3606744784224065	0.1	0.09395368782161236	0.1318407960199005	0.12386928991406602	2.6849393170678186
2.3706773363818234	0.1	0.09392795883361922	0.13106796116504854	0.12310946060717079	2.6849393170678186
2.3806801943412403	0.1	0.09390222984562607	0.13106796116504854	0.12307573814717981	2.6849393170678186
2.3906830523006573	0.1	0.09387650085763294	0.13106796116504854	0.12304201568718882	2.6849393170678186
2.4006859102600746	0.1	0.09385077186963979	0.13106796116504854	0.12300829322719782	2.6849393170678186
2.4106887682194915	0.1	0.09382504288164666	0.13285024154589373	0.12464679609880595	2.6849393170678186
2.4206916261789084	0.1	0.09379931389365352	0.13285024154589373	0.12461261507610974	2.6849393170678186
2.4306944841383253	0.1	0.09377358490566037	0.13285024154589373	0.12457843405341358	2.6849393170678186
2.4406973420977423	0.1	0.09374785591766725	0.13285024154589373	0.12454425303071735	2.6849393170678186
2.450700200057159	0.1	0.0937221269296741	0.13285024154589373	0.12451007200802114	2.6849393170678186
2.4607030580165765	0.1	0.09369639794168097	0.13285024154589373	0.12447589098532495	2.6849393170678186
2.4707059159759934	0.1	0.09367066895368782	0.13285024154589373	0.12444170996262871	2.6849393170678186
2.4807087739354103	0.1	0.09364493996569469	0.13285024154589373	0.12440752893993255	2.6849393170678186
2.4907116318948272	0.1	0.09361921097770155	0.13285024154589373	0.1243733479172364	2.6849393170678186
2.500714489854244	0.1	0.0935934819897084	0.13285024154589373	0.12433916689454018	2.6849393170678186
2.510717347813661	0.1	0.09356775300171527	0.13106796116504854	0.12263734616729673	2.6849393170678186
2.520720205773078	0.1	0.09354202401372212	0.13106796116504854	0.12260362370730567	2.6849393170678186
2.5307230637324953	0.1	0.09351629502572899	0.13106796116504854	0.1225699012473147	2.6849393170678186
2.5407259216919122	0.1	0.09349056603773585	0.13106796116504854	0.12253617878732372	2.6849393170678186
2.550728779651329	0.1	0.09346483704974272	0.13106796116504854	0.12250245632733266	2.6849393170678186
2.560731637610746	0.1	0.09343910806174957	0.13106796116504854	0.1224687338673417	2.6849393170678186
2.570734495570163	0.1	0.09341337907375644	0.13106796116504854	0.12243501140735068	2.6849393170678186
2.58073735352958	0.1	0.0933876500857633	0.13106796116504854	0.12240128894735967	3.546215255043386
2.590740211488997	0.1	0.09336192109777015	0.13106796116504854	0.12236756648736863	3.546215255043386
2.600743069448414	0.1	0.09333619210977702	0.12926829268292683	0.12065410199556541	3.546215255043386
2.610745927407831	0.1	0.09331046312178387	0.12926829268292683	0.12062084257206213	3.546215255043386
2.620748785367248	0.1	0.09328473413379074	0.13106796116504854	0.12226639910739565	3.546215255043386
2.630751643326665	0.1	0.0932590051457976	0.13106796116504854	0.12223267664740464	3.546215255043386
2.640754501286082	0.1	0.09323327615780447	0.13106796116504854	0.12219895418741361	3.546215255043386
2.6507573592454987	0.1	0.09320754716981133	0.13106796116504854	0.12216523172742264	3.546215255043386
2.6607602172049156	0.1	0.09318181818181819	0.13106796116504854	0.1221315092674316	3.546215255043386
2.670763075164333	0.1	0.09315608919382505	0.13106796116504854	0.12209778680744057	3.546215255043386
2.68076593312375	0.1	0.0931303602058319	0.13106796116504854	0.12206406434744957	3.546215255043386
2.690768791083167	0.1	0.09310463121783877	0.13106796116504854	0.12203034188745861	3.546215255043386
2.7007716490425837	0.1	0.09307890222984563	0.13106796116504854	0.1219966194274676	3.546215255043386
2.7107745070020006	0.1	0.09305317324185249	0.13106796116504854	0.12196289696747654	3.546215255043386
2.7207773649614175	0.1	0.09302744425385935	0.13106796116504854	0.12192917450748557	3.546215255043386
2.730780222920835	0.1	0.09300171526586622	0.13106796116504854	0.12189545204749454	3.546215255043386
2.740783080880252	0.1	0.09297598627787308	0.13106796116504854	0.12186172958750356	3.546215255043386
2.7507859388396687	0.1	0.09295025728987993	0.13106796116504854	0.12182800712751252	3.546215255043386
2.7607887967990856	0.1	0.0929245283018868	0.13106796116504854	0.12179428466752151	3.546215255043386
2.7707916547585025	0.1	0.09289879931389367	0.13033175355450238	0.12107663417687566	3.546215255043386
2.7807945127179194	0.1	0.09287307032590052	0.13033175355450238	0.12104310113565239	3.546215255043386
2.7907973706773364	0.1	0.09284734133790738	0.13106796116504854	0.12169311728754847	3.546215255043386
2.8008002286367537	0.1	0.09282161234991423	0.13106796116504854	0.12165939482755751	3.546215255043386
2.8108030865961706	0.1	0.0927958833619211	0.13106796116504854	0.12162567236756651	3.546215255043386
2.8208059445555875	0.1	0.09277015437392795	0.13106796116504854	0.12159194990757546	3.546215255043386
2.8308088025150044	0.1	0.09274442538593483	0.13106796116504854	0.1215582274475845	3.546215255043386
2.8408116604744214	0.1	0.09271869639794168	0.12926829268292683	0.11985587583148558	3.546215255043386
2.8508145184338383	0.1	0.09269296740994855	0.12926829268292683	0.11982261640798228	3.546215255043386
2.860817376393255	0.1	0.09266723842195541	0.12926829268292683	0.11978935698447894	3.546215255043386
2.8708202343526725	0.1	0.09264150943396227	0.13106796116504854	0.12142333760762047	3.546215255043386
2.8808230923120894	0.1	0.09261578044596913	0.13106796116504854	0.12138961514762944	3.546215255043386
2.8908259502715064	0.1	0.09259005145797598	0.13106796116504854	0.12135589268763845	3.546215255043386
2.9008288082309233	0.1	0.09256432246998285	0.13106796116504854	0.12132217022764744	3.546215255043386
2.91083166619034	0.1	0.09253859348198971	0.13106796116504854	0.12128844776765645	3.546215255043386
2.920834524149757	0.1	0.09251286449399657	0.13106796116504854	0.12125472530766539	3.546215255043386
2.930837382109174	0.1	0.09248713550600345	0.1318407960199005	0.12193577566711894	3.546215255043386
2.9408402400685913	0.1	0.0924614065180103	0.1318407960199005	0.12190185436454093	3.546215255043386
2.9508430980280083	0.1	0.09243567753001716	0.1318407960199005	0.12186793306196293	3.546215255043386
2.960845955987425	0.1	0.09240994854202401	0.1318407960199005	0.12183401175938485	3.546215255043386
2.970848813946842	0.1	0.09238421955403088	0.1318407960199005	0.12180009045680687	3.546215255043386
2.980851671906259	0.1	0.09235849056603775	0.1318407960199005	0.12176616915422887	3.546215255043386
2.990854529865676	0.1	0.0923327615780446	0.1318407960199005	0.1217322478516508	3.546215255043386
3.0008573878250933	0.1	0.09230703259005146	0.1318407960199005	0.1216983265490728	3.546215255043386
3.01086024578451	0.1	0.09228130360205831	0.1318407960199005	0.12166440524649476	3.546215255043386
3.020863103743927	0.1	0.09225557461406518	0.13	0.11993224699828475	3.546215255043386
3.030865961703344	0.1	0.09222984562607205	0.13	0.11989879931389363	3.546215255043386
3.040868819662761	0.1	0.09220411663807891	0.13	0.11986535162950257	3.546215255043386
3.050871677622178	0.1	0.09217838765008576	0.13	0.11983190394511152	3.546215255043386
3.0608745355815947	0.1	0.09215265866209263	0.13	0.11979845626072044	3.546215255043386
3.070877393541012	0.1	0.0921269296740995	0.13	0.11976500857632934	3.546215255043386
3.080880251500429	0.1	0.09210120068610635	0.13	0.11973156089193823	3.546215255043386
3.090883109459846	0.1	0.09207547169811321	0.1318407960199005	0.12139303482587066	3.546215255043386
3.100885967419263	0.1	0.09204974271012006	0.1318407960199005	0.12135911352329262	3.546215255043386
3.1108888253786797	0.1	0.09202401372212693	0.1318407960199005	0.1213251922207146	3.546215255043386
3.1208916833380966	0.1	0.0919982847341338	0.1318407960199005	0.12129127091813661	3.546215255043386
3.1308945412975135	0.1	0.09197255574614066	0.1318407960199005	0.12125734961555856	3.546215255043386
3.140897399256931	0.1	0.09194682675814753	0.1318407960199005	0.12122342831298061	3.546215255043386
3.150900257216348	0.1	0.09192109777015438	0.13106796116504854	0.12047910872787225	3.546215255043386
3.1609031151757647	0.1	0.09189536878216124	0.13106796116504854	0.12044538626788129	3.546215255043386
3.1709059731351816	0.1	0.0918696397941681	0.13106796116504854	0.12041166380789026	3.546215255043386
3.1809088310945985	0.1	0.09184391080617496	0.13285024154589373	0.12201485735119859	3.546215255043386
3.1909116890540155	0.1	0.09181818181818183	0.13285024154589373	0.1219806763285024	3.546215255043386
3.200914547013433	0.1	0.09179245283018868	0.13285024154589373	0.12194649530580624	3.546215255043386
3.2109174049728497	0.1	0.09176672384219554	0.13285024154589373	0.12191231428310997	3.546215255043386
3.2209202629322666	0.1	0.0917409948542024	0.13106796116504854	0.1202430515079352	3.546215255043386
3.2309231208916835	0.1	0.09171526586620928	0.13106796116504854	0.1202093290479442	3.546215255043386
3.2409259788511005	0.1	0.09168953687821613	0.13106796116504854	0.12017560658795316	3.546215255043386
3.2509288368105174	0.1	0.09166380789022299	0.13106796116504854	0.12014188412796217	3.546215255043386
3.2609316947699343	0.1	0.09163807890222986	0.13285024154589373	0.121741409169629	3.546215255043386
3.2709345527293516	0.1	0.09161234991423671	0.13285024154589373	0.12170722814693287	3.546215255043386
3.2809374106887685	0.1	0.09158662092624358	0.13285024154589373	0.12167304712423666	3.546215255043386
3.2909402686481855	0.1	0.09156089193825043	0.13285024154589373	0.12163886610154047	3.546215255043386
3.3009431266076024	0.1	0.09153516295025729	0.13285024154589373	0.12160468507884421	3.546215255043386
3.3109459845670193	0.1	0.09150943396226414	0.13285024154589373	0.12157050405614801	3.546215255043386
3.320948842526436	0.1	0.09148370497427101	0.13285024154589373	0.1215363230334518	3.546215255043386
3.330951700485853	0.1	0.09145797598627788	0.13285024154589373	0.1215021420107556	3.546215255043386
3.3409545584452705	0.1	0.09143224699828474	0.13285024154589373	0.12146796098805945	3.546215255043386
3.3509574164046874	0.1	0.09140651801029161	0.13285024154589373	0.1214337799653633	3.546215255043386
3.3609602743641043	0.1	0.09138078902229846	0.13285024154589373	0.12139959894266708	3.546215255043386
3.370963132323521	0.1	0.09135506003430532	0.13285024154589373	0.12136541791997087	3.546215255043386
3.380965990282938	0.1	0.09132933104631218	0.13285024154589373	0.12133123689727461	3.546215255043386
3.390968848242355	0.1	0.09130360205831904	0.13285024154589373	0.12129705587457844	3.546215255043386
3.400971706201772	0.1	0.09127787307032591	0.1346153846153846	0.12287405990236182	3.546215255043386
3.4109745641611893	0.1	0.09125214408233276	0.1346153846153846	0.12283942472621717	3.546215255043386
3.420977422120606	0.1	0.09122641509433962	0.1346153846153846	0.12280478955007257	3.546215255043386
3.430980280080023	0.1	0.09120068610634649	0.1346153846153846	0.12277015437392798	3.546215255043386
3.44098313803944	0.1	0.09117495711835336	0.1346153846153846	0.12273551919778337	3.546215255043386
3.450985995998857	0.1	0.09114922813036021	0.1346153846153846	0.12270088402163873	3.546215255043386
3.460988853958274	0.1	0.09112349914236707	0.1346153846153846	0.12266624884549415	3.546215255043386
3.470991711917691	0.1	0.09109777015437394	0.1346153846153846	0.12263161366934952	3.546215255043386
3.480994569877108	0.1	0.09107204116638079	0.1346153846153846	0.12259697849320492	3.546215255043386
3.490997427836525	0.1	0.09104631217838766	0.1346153846153846	0.12256234331706031	3.546215255043386
3.501000285795942	0.1	0.09102058319039451	0.1346153846153846	0.1225277081409157	3.546215255043386
3.511003143755359	0.1	0.09099485420240137	0.1346153846153846	0.12249307296477105	3.546215255043386
3.5210060017147757	0.1	0.09096912521440823	0.1346153846153846	0.12245843778862646	3.546215255043386
3.5310088596741926	0.1	0.0909433962264151	0.1346153846153846	0.12242380261248187	3.546215255043386
3.54101171763361	0.1	0.09091766723842196	0.1346153846153846	0.12238916743633725	3.546215255043386
3.551014575593027	0.1	0.09089193825042882	0.13636363636363635	0.12394355215967566	3.546215255043386
3.561017433552444	0.1	0.09086620926243569	0.13636363636363635	0.12390846717604868	3.546215255043386
3.5710202915118607	0.1	0.09084048027444254	0.13636363636363635	0.12387338219242164	3.546215255043386
3.5810231494712776	0.1	0.0908147512864494	0.13636363636363635	0.12383829720879465	3.546215255043386
3.5910260074306946	0.1	0.09078902229845626	0.13636363636363635	0.12380321222516762	3.546215255043386
3.6010288653901115	0.1	0.09076329331046312	0.13636363636363635	0.12376812724154061	4.372971598234452
3.611031723349529	0.1	0.09073756432246999	0.13636363636363635	0.12373304225791361	4.372971598234452
3.6210345813089457	0.1	0.09071183533447684	0.1346153846153846	0.12211208602718035	4.372971598234452
3.6310374392683626	0.1	0.09068610634648372	0.1346153846153846	0.12207745085103577	4.372971598234452
3.6410402972277796	0.1	0.09066037735849057	0.1346153846153846	0.12204281567489114	4.372971598234452
3.6510431551871965	0.1	0.09063464837049744	0.1346153846153846	0.12200818049874658	4.372971598234452
3.6610460131466134	0.1	0.09060891938250429	0.1346153846153846	0.1219735453226019	4.372971598234452
3.6710488711060303	0.1	0.09058319039451115	0.1346153846153846	0.12193891014645732	4.372971598234452
3.6810517290654476	0.1	0.09055746140651802	0.1346153846153846	0.12190427497031273	4.372971598234452
3.6910545870248646	0.1	0.09053173241852487	0.1346153846153846	0.12186963979416811	4.372971598234452
3.7010574449842815	0.1	0.09050600343053174	0.1346153846153846	0.12183500461802349	4.372971598234452
3.7110603029436984	0.1	0.09048027444253859	0.13285024154589373	0.1202032631483001	4.372971598234452
3.7210631609031153	0.1	0.09045454545454545	0.13106796116504854	0.11855692850838483	4.372971598234452
3.731066018862532	0.1	0.09042881646655232	0.13106796116504854	0.11852320604839381	4.372971598234452
3.7410688768219496	0.1	0.09040308747855919	0.12926829268292683	0.11686252771618627	4.372971598234452
3.7510717347813665	0.1	0.09037735849056605	0.12926829268292683	0.11682926829268295	4.372971598234452
3.7610745927407834	0.1	0.0903516295025729	0.12745098039215685	0.11515403760131841	4.372971598234452
3.7710774507002003	0.1	0.09032590051457977	0.12745098039215685	0.11512124575387618	4.372971598234452
3.781080308659617	0.1	0.09030017152658662	0.12814070351758794	0.11571127507175671	4.372971598234452
3.791083166619034	0.1	0.09027444253859349	0.12814070351758794	0.11567830576553437	4.372971598234452
3.801086024578451	0.1	0.09024871355060034	0.12814070351758794	0.115645336459312	4.372971598234452
3.8110888825378684	0.1	0.0902229845626072	0.12814070351758794	0.11561236715308963	4.372971598234452
3.8210917404972853	0.1	0.09019725557461407	0.12814070351758794	0.11557939784686727	4.372971598234452
3.831094598456702	0.1	0.09017152658662093	0.12814070351758794	0.11554642854064491	4.372971598234452
3.841097456416119	0.1	0.0901457975986278	0.12814070351758794	0.11551345923442256	4.372971598234452
3.851100314375536	0.1	0.09012006861063465	0.12814070351758794	0.11548048992820018	4.372971598234452
3.861103172334953	0.1	0.09009433962264152	0.12814070351758794	0.1154475206219778	4.372971598234452
3.87110603029437	0.1	0.09006861063464837	0.12745098039215685	0.11479332727945381	4.372971598234452
3.881108888253787	0.1	0.09004288164665523	0.12745098039215685	0.11476053543201156	4.372971598234452
3.891111746213204	0.1	0.0900171526586621	0.13	0.11702229845626075	4.372971598234452
3.901114604172621	0.1	0.08999142367066895	0.13	0.11698885077186966	4.372971598234452
3.911117462132038	0.1	0.08996569468267582	0.13	0.11695540308747854	4.372971598234452
3.921120320091455	0.1	0.08993996569468267	0.1318407960199005	0.11857756671189507	4.372971598234452
3.9311231780508717	0.1	0.08991423670668955	0.1318407960199005	0.1185436454093171	4.372971598234452
3.9411260360102887	0.1	0.0898885077186964	0.1318407960199005	0.11850972410673903	4.372971598234452
3.951128893969706	0.1	0.08986277873070327	0.1318407960199005	0.11847580280416099	4.372971598234452
3.961131751929123	0.1	0.08983704974271013	0.1318407960199005	0.11844188150158301	4.372971598234452
3.97113460988854	0.1	0.08981132075471698	0.1318407960199005	0.118407960199005	4.372971598234452
3.9811374678479567	0.1	0.08978559176672385	0.1318407960199005	0.118374038896427	4.372971598234452
3.9911403258073737	0.1	0.0897598627787307	0.1318407960199005	0.11834011759384896	4.372971598234452
4.001143183766791	0.1	0.08973413379073757	0.1318407960199005	0.11830619629127093	4.372971598234452
4.0111460417262075	0.1	0.08970840480274442	0.1318407960199005	0.11827227498869287	4.372971598234452
4.021148899685625	0.1	0.08968267581475128	0.1318407960199005	0.1182383536861149	4.372971598234452
4.031151757645041	0.1	0.08965694682675815	0.1318407960199005	0.11820443238353683	4.372971598234452
4.041154615604459	0.1	0.08963121783876501	0.1318407960199005	0.11817051108095887	4.372971598234452
4.051157473563876	0.1	0.08960548885077188	0.1318407960199005	0.11813658977838082	4.372971598234452
4.0611603315232925	0.1	0.08957975986277873	0.12926829268292683	0.11579822616407985	4.372971598234452
4.07116318948271	0.1	0.0895540308747856	0.12926829268292683	0.1157649667405765	4.372971598234452
4.081166047442126	0.1	0.08952830188679245	0.12926829268292683	0.11573170731707316	4.372971598234452
4.091168905401544	0.1	0.08950257289879932	0.12926829268292683	0.11569844789356987	4.372971598234452
4.10117176336096	0.1	0.08947684391080618	0.12926829268292683	0.11566518847006652	4.372971598234452
4.1111746213203775	0.1	0.08945111492281303	0.12926829268292683	0.1156319290465632	4.372971598234452
4.121177479279795	0.1	0.0894253859348199	0.12926829268292683	0.11559866962305988	4.372971598234452
4.131180337239211	0.1	0.08939965694682676	0.12926829268292683	0.11556541019955656	4.372971598234452
4.141183195198629	0.1	0.08937392795883363	0.12926829268292683	0.11553215077605325	4.372971598234452
4.151186053158045	0.1	0.08934819897084048	0.12926829268292683	0.11549889135254987	4.372971598234452
4.1611889111174625	0.1	0.08932246998284735	0.12926829268292683	0.11546563192904656	4.372971598234452
4.171191769076879	0.1	0.08929674099485421	0.13	0.11608576329331048	4.372971598234452
4.181194627036296	0.1	0.08927101200686106	0.13	0.11605231560891938	4.372971598234452
4.191197484995714	0.1	0.08924528301886793	0.13	0.11601886792452827	4.372971598234452
4.20120034295513	0.1	0.08921955403087478	0.13	0.11598542024013721	4.372971598234452
4.2112032009145475	0.1	0.08919382504288165	0.1318407960199005	0.11759384893713253	4.372971598234452
4.221206058873964	0.1	0.08916809605488851	0.1318407960199005	0.11755992763455449	4.372971598234452
4.231208916833381	0.1	0.08914236706689538	0.13	0.11588507718696402	4.372971598234452
4.241211774792798	0.1	0.08911663807890224	0.13	0.11585162950257291	4.372971598234452
4.251214632752215	0.1	0.0890909090909091	0.13	0.11581818181818182	4.372971598234452
4.2612174907116325	0.1	0.08906518010291596	0.13	0.11578473413379076	4.372971598234452
4.271220348671049	0.1	0.08903945111492281	0.13	0.11575128644939967	4.372971598234452
4.281223206630466	0.1	0.08901372212692968	0.13	0.11571783876500856	4.372971598234452
4.291226064589883	0.1	0.08898799313893653	0.13	0.11568439108061747	4.372971598234452
4.3012289225493	0.1	0.0889622641509434	0.13	0.11565094339622645	4.372971598234452
4.311231780508717	0.1	0.08893653516295026	0.13	0.11561749571183536	4.372971598234452
4.321234638468134	0.1	0.08891080617495713	0.13	0.11558404802744429	4.372971598234452
4.331237496427551	0.1	0.08888507718696399	0.13	0.11555060034305317	4.372971598234452
4.341240354386968	0.1	0.08885934819897084	0.12926829268292683	0.1148669623059867	4.372971598234452
4.351243212346385	0.1	0.08883361921097771	0.12745098039215685	0.11321931860222649	4.372971598234452
4.361246070305802	0.1	0.08880789022298456	0.12745098039215685	0.11318652675478422	4.372971598234452
4.371248928265219	0.1	0.08878216123499143	0.12745098039215685	0.113153734907342	4.372971598234452
4.381251786224636	0.1	0.08875643224699829	0.12745098039215685	0.11312094305989977	4.372971598234452
4.391254644184053	0.1	0.08873070325900514	0.12745098039215685	0.11308815121245755	4.372971598234452
4.40125750214347	0.1	0.08870497427101201	0.12745098039215685	0.1130553593650153	4.372971598234452
4.411260360102887	0.1	0.08867924528301886	0.12745098039215685	0.11302256751757309	4.372971598234452
4.421263218062304	0.1	0.08865351629502574	0.12745098039215685	0.11298977567013084	4.372971598234452
4.43126607602172	0.1	0.0886277873070326	0.12745098039215685	0.11295698382268861	4.372971598234452
4.441268933981138	0.1	0.08860205831903946	0.12745098039215685	0.11292419197524636	4.372971598234452
4.451271791940555	0.1	0.08857632933104632	0.12561576354679804	0.11126583241092027	4.372971598234452
4.461274649899972	0.1	0.08855060034305318	0.125	0.11068825042881647	4.372971598234452
4.471277507859389	0.1	0.08852487135506004	0.125	0.11065608919382505	4.372971598234452
4.481280365818805	0.1	0.0884991423670669	0.125	0.1106239279588336	4.372971598234452
4.491283223778223	0.1	0.08847341337907376	0.125	0.11059176672384222	4.372971598234452
4.501286081737639	0.1	0.08844768439108061	0.125	0.11055960548885077	4.372971598234452
4.511288939697057	0.1	0.08842195540308748	0.125	0.11052744425385935	4.372971598234452
4.521291797656474	0.1	0.08839622641509434	0.125	0.11049528301886793	4.372971598234452
4.53129465561589	0.1	0.08837049742710121	0.125	0.11046312178387652	4.372971598234452
4.541297513575308	0.1	0.08834476843910807	0.12318840579710146	0.10883051184527805	4.372971598234452
4.551300371534724	0.1	0.08831903945111493	0.12318840579710146	0.10879881671514158	4.372971598234452
4.561303229494142	0.1	0.08829331046312179	0.12318840579710146	0.10876712158500511	4.372971598234452
4.571306087453558	0.1	0.08826758147512864	0.12318840579710146	0.10873542645486861	4.372971598234452
4.581308945412975	0.1	0.08824185248713551	0.12318840579710146	0.10870373132473216	4.372971598234452
4.591311803372393	0.1	0.08821612349914237	0.12318840579710146	0.10867203619459569	4.372971598234452
4.601314661331809	0.1	0.08819039451114923	0.12318840579710146	0.10864034106445918	4.372971598234452
4.611317519291227	0.1	0.08816466552315609	0.12318840579710146	0.10860864593432269	4.372971598234452
4.621320377250643	0.1	0.08813893653516296	0.12318840579710146	0.10857695080418625	4.372971598234452
4.63132323521006	0.1	0.08811320754716982	0.12561576354679804	0.11068407844595222	4.372971598234452
4.641326093169477	0.1	0.08808747855917667	0.12561576354679804	0.11065175878123176	4.372971598234452
4.651328951128894	0.1	0.08806174957118354	0.12561576354679804	0.11061943911651134	4.372971598234452
4.661331809088312	0.1	0.0880360205831904	0.12561576354679804	0.11058711945179092	4.372971598234452
4.671334667047728	0.1	0.08801029159519726	0.12561576354679804	0.11055479978707046	4.372971598234452
4.681337525007145	0.1	0.08798456260720412	0.12745098039215685	0.1121371876366327	4.372971598234452
4.691340382966562	0.1	0.08795883361921097	0.12745098039215685	0.11210439578919044	4.372971598234452
4.701343240925979	0.1	0.08793310463121784	0.12745098039215685	0.11207160394174821	4.372971598234452
4.711346098885396	0.1	0.0879073756432247	0.12745098039215685	0.11203881209430601	4.372971598234452
4.721348956844813	0.1	0.08788164665523157	0.12745098039215685	0.11200602024686376	4.372971598234452
4.73135181480423	0.1	0.08785591766723844	0.12745098039215685	0.11197322839942155	4.372971598234452
4.741354672763647	0.1	0.08783018867924529	0.12679425837320574	0.11136363636363639	4.372971598234452
4.751357530723064	0.1	0.08780445969125215	0.12679425837320574	0.11133101348412357	4.372971598234452
4.761360388682481	0.1	0.087778730703259	0.12679425837320574	0.11129839060461072	4.372971598234452
4.771363246641898	0.1	0.08775300171526587	0.12679425837320574	0.11126576772509786	4.372971598234452
4.7813661046013145	0.1	0.08772727272727272	0.12679425837320574	0.11123314484558502	4.372971598234452
4.791368962560732	0.1	0.08770154373927959	0.12679425837320574	0.1112005219660722	4.372971598234452
4.801371820520149	0.1	0.08767581475128645	0.12679425837320574	0.11116789908655939	4.372971598234452
4.811374678479566	0.1	0.0876500857632933	0.12679425837320574	0.11113527620704654	4.372971598234452
4.821377536438983	0.1	0.08762435677530019	0.12679425837320574	0.11110265332753373	4.372971598234452
4.8313803943983995	0.1	0.08759862778730704	0.12679425837320574	0.11107003044802087	4.372971598234452
4.841383252357817	0.1	0.0875728987993139	0.12857142857142856	0.11259372702768927	4.372971598234452
4.851386110317233	0.1	0.08754716981132075	0.12857142857142856	0.11256064690026954	4.372971598234452
4.861388968276651	0.1	0.08752144082332762	0.12926829268292683	0.11313747228381374	4.372971598234452
4.871391826236068	0.1	0.08749571183533449	0.12926829268292683	0.11310421286031046	4.372971598234452
4.8813946841954845	0.1	0.08746998284734134	0.12926829268292683	0.11307095343680708	4.372971598234452
4.891397542154902	0.1	0.0874442538593482	0.12926829268292683	0.11303769401330377	4.372971598234452
4.901400400114318	0.1	0.08741852487135506	0.12926829268292683	0.11300443458980047	4.372971598234452
4.911403258073736	0.1	0.08739279588336192	0.12926829268292683	0.11297117516629714	4.372971598234452
4.921406116033153	0.1	0.08736706689536879	0.12926829268292683	0.1129379157427938	4.372971598234452
4.9314089739925695	0.1	0.08734133790737565	0.12926829268292683	0.11290465631929046	4.372971598234452
4.941411831951987	0.1	0.08731560891938252	0.12926829268292683	0.11287139689578717	4.372971598234452
4.951414689911403	0.1	0.08728987993138937	0.12926829268292683	0.11283813747228379	4.372971598234452
4.961417547870821	0.1	0.08726415094339623	0.12926829268292683	0.11280487804878048	4.372971598234452
4.971420405830237	0.1	0.08723842195540309	0.12926829268292683	0.11277161862527714	4.372971598234452
4.9814232637896545	0.1	0.08721269296740995	0.12926829268292683	0.11273835920177383	4.372971598234452
4.991426121749072	0.1	0.0871869639794168	0.12926829268292683	0.11270509977827048	4.372971598234452
5.001428979708488	0.1	0.08716123499142367	0.12926829268292683	0.11267184035476717	4.372971598234452
5.011431837667906	0.1	0.08713550600343054	0.13	0.11327615780445971	4.372971598234452
5.021434695627322	0.1	0.0871097770154374	0.13	0.1132427101200686	4.372971598234452
5.0314375535867395	0.1	0.08708404802744427	0.13	0.11320926243567757	4.372971598234452
5.041440411546156	0.1	0.08705831903945112	0.13	0.11317581475128646	4.372971598234452
5.051443269505573	0.1	0.08703259005145798	0.13	0.11314236706689537	4.372971598234452
5.061446127464991	0.1	0.08700686106346484	0.13	0.11310891938250428	4.372971598234452
5.071448985424407	0.1	0.0869811320754717	0.13	0.11307547169811323	4.372971598234452
5.0814518433838245	0.1	0.08695540308747857	0.13	0.11304202401372213	4.372971598234452
5.091454701343241	0.1	0.08692967409948542	0.12814070351758794	0.11139229595662704	4.372971598234452
5.101457559302658	0.1	0.08690394511149228	0.13	0.11297512864493997	4.372971598234452
5.111460417262075	0.1	0.08687821612349914	0.13	0.11294168096054889	4.372971598234452
5.121463275221492	0.1	0.08685248713550602	0.13	0.11290823327615784	4.372971598234452
5.1314661331809095	0.1	0.08682675814751287	0.13	0.11287478559176671	4.372971598234452
5.141468991140326	0.1	0.08680102915951973	0.13	0.11284133790737565	4.372971598234452
5.151471849099743	0.1	0.0867753001715266	0.13	0.11280789022298457	4.372971598234452
5.16147470705916	0.1	0.08674957118353345	0.13	0.11277444253859346	4.372971598234452
5.171477565018577	0.1	0.08672384219554032	0.13	0.11274099485420241	4.372971598234452
5.181480422977994	0.1	0.08669811320754717	0.13	0.11270754716981132	4.372971598234452
5.191483280937411	0.1	0.08667238421955403	0.13	0.11267409948542026	4.372971598234452
5.201486138896828	0.1	0.0866466552315609	0.13	0.11264065180102918	4.372971598234452
5.211488996856245	0.1	0.08662092624356775	0.13	0.11260720411663808	4.372971598234452
5.221491854815662	0.1	0.08659519725557463	0.13	0.11257375643224701	4.372971598234452
5.231494712775079	0.1	0.08656946826758148	0.12814070351758794	0.11093072566951397	4.372971598234452
5.241497570734496	0.1	0.08654373927958835	0.12814070351758794	0.11089775636329159	4.372971598234452
5.251500428693912	0.1	0.0865180102915952	0.12626262626262627	0.10923991198433737	4.372971598234452
5.26150328665333	0.1	0.08649228130360206	0.12626262626262627	0.10920742588838646	4.372971598234452
5.271506144612747	0.1	0.08646655231560892	0.12814070351758794	0.1107988484446245	4.372971598234452
5.281509002572164	0.1	0.08644082332761578	0.12814070351758794	0.11076587913840212	4.372971598234452
5.291511860531581	0.1	0.08641509433962265	0.12814070351758794	0.11073290983217979	4.372971598234452
5.301514718490997	0.1	0.0863893653516295	0.12886597938144329	0.1113265017417906	4.372971598234452
5.311517576450415	0.1	0.08636363636363636	0.12694300518134716	0.10963259538389071	4.372971598234452
5.321520434409831	0.1	0.08633790737564323	0.12694300518134716	0.10959993423332948	4.372971598234452
5.331523292369249	0.1	0.0863121783876501	0.12694300518134716	0.10956727308276824	1.5358245719046624
5.341526150328666	0.1	0.08628644939965695	0.12694300518134716	0.109534611932207	1.5358245719046624
5.351529008288082	0.1	0.08626072041166381	0.12694300518134716	0.10950195078164578	1.5358245719046624
5.3615318662475	0.1	0.08623499142367068	0.12694300518134716	0.10946928963108453	1.5358245719046624
5.371534724206916	0.1	0.08620926243567753	0.12694300518134716	0.1094366284805233	1.5358245719046624
5.381537582166334	0.1	0.0861835334476844	0.12694300518134716	0.10940396732996206	1.5358245719046624
5.391540440125751	0.1	0.08615780445969125	0.12694300518134716	0.10937130617940082	1.5358245719046624
5.401543298085167	0.1	0.08613207547169811	0.12694300518134716	0.10933864502883958	1.5358245719046624
5.411546156044585	0.1	0.08610634648370498	0.12694300518134716	0.10930598387827833	1.5358245719046624
5.421549014004001	0.1	0.08608061749571184	0.12694300518134716	0.1092733227277171	1.5358245719046624
5.431551871963419	0.1	0.08605488850771871	0.12694300518134716	0.10924066157715587	1.5358245719046624
5.441554729922835	0.1	0.08602915951972556	0.12886597938144329	0.1108623189687185	1.5358245719046624
5.451557587882252	0.1	0.08600343053173243	0.12886597938144329	0.11082916305635625	1.5358245719046624
5.46156044584167	0.1	0.08597770154373928	0.12886597938144329	0.11079600714399393	1.5358245719046624
5.471563303801086	0.1	0.08595197255574615	0.12886597938144329	0.11076285123163164	1.5358245719046624
5.481566161760504	0.1	0.085926243567753	0.12886597938144329	0.11072969531926932	1.5358245719046624
5.49156901971992	0.1	0.08590051457975986	0.12886597938144329	0.11069653940690705	1.5358245719046624
5.501571877679337	0.1	0.08587478559176673	0.12886597938144329	0.11066338349454476	1.5358245719046624
5.511574735638754	0.1	0.08584905660377358	0.12886597938144329	0.11063022758218245	1.5358245719046624
5.521577593598171	0.1	0.08582332761578046	0.12886597938144329	0.11059707166982018	1.5358245719046624
5.531580451557589	0.1	0.08579759862778731	0.12886597938144329	0.11056391575745787	1.5358245719046624
5.541583309517005	0.1	0.08577186963979418	0.12886597938144329	0.11053075984509558	1.5358245719046624
5.551586167476422	0.1	0.08574614065180103	0.12886597938144329	0.11049760393273328	1.5358245719046624
5.561589025435839	0.1	0.0857204116638079	0.12886597938144329	0.11046444802037099	1.5358245719046624
5.571591883395256	0.1	0.08569468267581476	0.12962962962962962	0.11108569976494505	1.5358245719046624
5.581594741354673	0.1	0.08566895368782161	0.1276595744680851	0.10936462172913397	1.5358245719046624
5.59159759931409	0.1	0.08564322469982848	0.1276595744680851	0.10933177621254699	1.5358245719046624
5.601600457273507	0.1	0.08561749571183533	0.1276595744680851	0.10929893069596	1.5358245719046624
5.611603315232924	0.1	0.0855917667238422	0.1276595744680851	0.109266085179373	1.5358245719046624
5.621606173192341	0.1	0.08556603773584906	0.1276595744680851	0.10923323966278604	1.5358245719046624
5.631609031151758	0.1	0.08554030874785593	0.1276595744680851	0.10920039414619906	1.5358245719046624
5.641611889111175	0.1	0.08551457975986279	0.1276595744680851	0.10916754862961207	1.5358245719046624
5.6516147470705915	0.1	0.08548885077186964	0.1276595744680851	0.10913470311302507	1.5358245719046624
5.661617605030009	0.1	0.08546312178387651	0.1276595744680851	0.10910185759643809	1.5358245719046624
5.671620462989426	0.1	0.08543739279588336	0.1276595744680851	0.1090690120798511	1.5358245719046624
5.681623320948843	0.1	0.08541166380789023	0.1284153005464481	0.10968164478062405	1.5358245719046624
5.69162617890826	0.1	0.08538593481989709	0.1284153005464481	0.10964860482336511	1.5358245719046624
5.7016290368676765	0.1	0.08536020583190394	0.1284153005464481	0.10961556486610616	1.5358245719046624
5.711631894827094	0.1	0.08533447684391081	0.1284153005464481	0.10958252490884723	1.5358245719046624
5.72163475278651	0.1	0.08530874785591767	0.13043478260869565	0.11127227981206653	1.5358245719046624
5.731637610745928	0.1	0.08528301886792454	0.13043478260869565	0.11123872026251028	1.5358245719046624
5.741640468705345	0.1	0.08525728987993139	0.1284153005464481	0.10948340503707034	1.5358245719046624
5.7516433266647615	0.1	0.08523156089193826	0.13043478260869565	0.11117160116339773	1.5358245719046624
5.761646184624179	0.1	0.08520583190394511	0.13243243243243244	0.11284015576468405	1.5358245719046624
5.771649042583595	0.1	0.08518010291595197	0.13243243243243244	0.1128060822400445	1.5358245719046624
5.781651900543013	0.1	0.08515437392795884	0.13243243243243244	0.11277200871540492	1.5358245719046624
5.791654758502429	0.1	0.08512864493996569	0.13243243243243244	0.11273793519076536	1.5358245719046624
5.8016576164618465	0.1	0.08510291595197256	0.13243243243243244	0.11270386166612584	1.5358245719046624
5.811660474421264	0.1	0.08507718696397941	0.13243243243243244	0.11266978814148623	1.5358245719046624
5.82166333238068	0.1	0.08505145797598629	0.13243243243243244	0.1126357146168467	1.5358245719046624
5.831666190340098	0.1	0.08502572898799314	0.13157894736842105	0.11187595919472783	1.5358245719046624
5.841669048299514	0.1	0.085	0.13440860215053763	0.11424731182795701	1.5358245719046624
5.8516719062589315	0.1	0.08497427101200687	0.13440860215053763	0.11421272985484793	1.5358245719046624
5.861674764218348	0.1	0.08494854202401372	0.13440860215053763	0.11417814788173887	1.5358245719046624
5.871677622177765	0.1	0.08492281303602059	0.13440860215053763	0.11414356590862981	1.5358245719046624
5.881680480137183	0.1	0.08489708404802744	0.13440860215053763	0.11410898393552074	1.5358245719046624
5.891683338096599	0.1	0.0848713550600343	0.13736263736263737	0.1165815316758713	1.5358245719046624
5.9016861960560165	0.1	0.08484562607204117	0.1384180790960452	0.1174416858059327	1.5358245719046624
5.911689054015433	0.1	0.08481989708404802	0.1384180790960452	0.11740607223498173	1.5358245719046624
5.92169191197485	0.1	0.0847941680960549	0.1384180790960452	0.11737045866403081	1.5358245719046624
5.931694769934268	0.1	0.08476843910806175	0.1384180790960452	0.11733484509307983	1.5358245719046624
5.941697627893684	0.1	0.08474271012006862	0.1384180790960452	0.11729923152212887	1.5358245719046624
5.9517004858531015	0.1	0.08471698113207547	0.1404494382022472	0.11898452406190377	1.5358245719046624
5.961703343812518	0.1	0.08469125214408234	0.1404494382022472	0.11894838784281227	1.5358245719046624
5.971706201771935	0.1	0.08466552315608919	0.1404494382022472	0.11891225162372078	1.5358245719046624
5.981709059731352	0.1	0.08463979416809606	0.1404494382022472	0.1188761154046293	1.5358245719046624
5.991711917690769	0.1	0.08461406518010292	0.1404494382022472	0.11883997918553782	1.5358245719046624
6.0017147756501865	0.1	0.08458833619210977	0.1404494382022472	0.11880384296644633	1.5358245719046624
6.011717633609603	0.1	0.08456260720411665	0.1404494382022472	0.11876770674735485	1.5358245719046624
6.02172049156902	0.1	0.0845368782161235	0.1424581005586592	0.1204296309782765	1.5358245719046624
6.031723349528437	0.1	0.08451114922813037	0.1424581005586592	0.12039297795068851	1.5358245719046624
6.041726207487854	0.1	0.08448542024013722	0.1424581005586592	0.12035632492310053	1.5358245719046624
6.051729065447271	0.1	0.08445969125214409	0.1424581005586592	0.12031967189551253	1.5358245719046624
6.061731923406688	0.1	0.08443396226415095	0.1424581005586592	0.12028301886792456	1.5358245719046624
6.071734781366105	0.1	0.0844082332761578	0.1424581005586592	0.12024636584033652	1.5358245719046624
6.081737639325522	0.1	0.08438250428816467	0.1424581005586592	0.12020971281274853	1.5358245719046624
6.091740497284939	0.1	0.08435677530017152	0.1424581005586592	0.12017305978516056	1.5358245719046624
6.101743355244356	0.1	0.08433104631217839	0.14367816091954022	0.12116529642554363	1.5358245719046624
6.111746213203773	0.1	0.08430531732418525	0.14367816091954022	0.1211283294887719	1.5358245719046624
6.1217490711631894	0.1	0.08427958833619212	0.1416184971098266	0.11935548637206399	1.5358245719046624
6.131751929122607	0.1	0.08425385934819898	0.13953488372093023	0.11756352467190556	1.5358245719046624
6.141754787082024	0.1	0.08422813036020584	0.1416184971098266	0.11928261235982908	1.5358245719046624
6.151757645041441	0.1	0.0842024013722127	0.13953488372093023	0.11749172284494795	1.5358245719046624
6.161760503000858	0.1	0.08417667238421955	0.13953488372093023	0.11745582193146915	1.5358245719046624
6.1717633609602744	0.1	0.08415094339622642	0.13953488372093023	0.11741992101799034	1.5358245719046624
6.181766218919692	0.1	0.08412521440823328	0.1416184971098266	0.11913686433535925	1.5358245719046624
6.191769076879108	0.1	0.08409948542024014	0.14285714285714285	0.12014212202891446	1.5358245719046624
6.201771934838526	0.1	0.084073756432247	0.14285714285714285	0.12010536633178141	1.5358245719046624
6.211774792797943	0.1	0.08404802744425387	0.14497041420118342	0.12184477351385918	1.5358245719046624
6.2217776507573594	0.1	0.08402229845626073	0.14497041420118342	0.12180747409339576	1.5358245719046624
6.231780508716777	0.1	0.08399656946826758	0.14497041420118342	0.12177017467293232	1.5358245719046624
6.241783366676193	0.1	0.08397084048027445	0.14497041420118342	0.12173287525246886	1.5358245719046624
6.251786224635611	0.1	0.0839451114922813	0.14497041420118342	0.12169557583200542	1.5358245719046624
6.261789082595027	0.1	0.08391938250428817	0.14497041420118342	0.12165827641154202	1.5358245719046624
6.2717919405544444	0.1	0.08389365351629503	0.14497041420118342	0.12162097699107859	1.5358245719046624
6.281794798513862	0.1	0.08386792452830188	0.14497041420118342	0.12158367757061517	1.5358245719046624
6.291797656473278	0.1	0.08384219554030875	0.14497041420118342	0.12154637815015175	1.5358245719046624
6.301800514432696	0.1	0.0838164665523156	0.14285714285714285	0.11973780936045086	1.5358245719046624
6.311803372392112	0.1	0.08379073756432248	0.14285714285714285	0.11970105366331783	1.5358245719046624
6.321806230351529	0.1	0.08376500857632933	0.14285714285714285	0.11966429796618477	1.5358245719046624
6.331809088310946	0.1	0.0837392795883362	0.14285714285714285	0.11962754226905171	1.5358245719046624
6.341811946270363	0.1	0.08371355060034306	0.14285714285714285	0.11959078657191866	1.5358245719046624
6.351814804229781	0.1	0.08368782161234992	0.1407185628742515	0.11776429987366607	1.5358245719046624
6.361817662189197	0.1	0.08366209262435678	0.1407185628742515	0.11772809441152002	1.5358245719046624
6.371820520148614	0.1	0.08363636363636363	0.1407185628742515	0.117691888949374	1.5358245719046624
6.381823378108031	0.1	0.0836106346483705	0.1407185628742515	0.11765568348722795	1.5358245719046624
6.391826236067448	0.1	0.08358490566037736	0.1407185628742515	0.11761947802508191	1.5358245719046624
6.401829094026866	0.1	0.08355917667238422	0.1407185628742515	0.11758327256293584	1.5358245719046624
6.411831951986282	0.1	0.0835334476843911	0.1407185628742515	0.11754706710078985	1.5358245719046624
6.421834809945699	0.1	0.08350771869639795	0.1407185628742515	0.11751086163864377	1.5358245719046624
6.431837667905116	0.1	0.08348198970840481	0.13855421686746988	0.11566781706586211	1.5358245719046624
6.441840525864533	0.1	0.08345626072041167	0.13855421686746988	0.11563216846804028	1.5358245719046624
6.45184338382395	0.1	0.08343053173241853	0.13855421686746988	0.11559651987021845	1.5358245719046624
6.461846241783367	0.1	0.08340480274442538	0.13855421686746988	0.11556087127239664	1.5358245719046624
6.471849099742784	0.1	0.08337907375643225	0.13855421686746988	0.11552522267457481	1.5358245719046624
6.481851957702201	0.1	0.08335334476843911	0.13855421686746988	0.11548957407675298	1.5358245719046624
6.491854815661618	0.1	0.08332761578044597	0.13855421686746988	0.11545392547893114	1.5358245719046624
6.501857673621035	0.1	0.08330188679245283	0.13855421686746988	0.11541827688110935	1.5358245719046624
6.511860531580452	0.1	0.0832761578044597	0.13855421686746988	0.1153826282832875	1.5358245719046624
6.5218633895398685	0.1	0.08325042881646656	0.13855421686746988	0.11534697968546573	1.5358245719046624
6.531866247499286	0.1	0.08322469982847341	0.13855421686746988	0.11531133108764387	1.5358245719046624
6.541869105458703	0.1	0.08319897084048028	0.13855421686746988	0.11527568248982205	1.5358245719046624
6.55187196341812	0.1	0.08317324185248715	0.13855421686746988	0.11524003389200023	1.5358245719046624
6.561874821377537	0.1	0.083147512864494	0.13975155279503104	0.11619994033857856	1.5358245719046624
6.5718776793369535	0.1	0.08312178387650086	0.13975155279503104	0.11616398367833969	1.5358245719046624
6.581880537296371	0.1	0.08309605488850771	0.13975155279503104	0.11612802701810084	1.5358245719046624
6.591883395255787	0.1	0.08307032590051458	0.13975155279503104	0.11609207035786201	1.5358245719046624
6.601886253215205	0.1	0.08304459691252145	0.13975155279503104	0.11605611369762311	1.5358245719046624
6.611889111174622	0.1	0.08301886792452831	0.13975155279503104	0.11602015703738425	1.5358245719046624
6.6218919691340385	0.1	0.08299313893653518	0.13975155279503104	0.1159842003771454	1.5358245719046624
6.631894827093456	0.1	0.08296740994854203	0.13975155279503104	0.11594824371690654	1.5358245719046624
6.641897685052872	0.1	0.0829416809605489	0.13975155279503104	0.1159122870566677	1.5358245719046624
6.65190054301229	0.1	0.08291595197255575	0.13975155279503104	0.11587633039642886	1.5358245719046624
6.661903400971706	0.1	0.08289022298456261	0.13975155279503104	0.11584037373618994	1.5358245719046624
6.6719062589311235	0.1	0.08286449399656948	0.13975155279503104	0.11580441707595113	1.5358245719046624
6.681909116890541	0.1	0.08283876500857633	0.13975155279503104	0.11576846041571226	1.5358245719046624
6.691911974849957	0.1	0.0828130360205832	0.13975155279503104	0.1157325037554734	1.5358245719046624
6.701914832809375	0.1	0.08278730703259005	0.13975155279503104	0.11569654709523454	1.5358245719046624
6.711917690768791	0.1	0.08276157804459693	0.13855421686746988	0.11466965632685118	1.5358245719046624
6.7219205487282085	0.1	0.08273584905660378	0.13855421686746988	0.11463400772902935	1.5358245719046624
6.731923406687625	0.1	0.08271012006861064	0.13855421686746988	0.11459835913120754	1.5358245719046624
6.741926264647042	0.1	0.0826843910806175	0.13855421686746988	0.11456271053338568	1.5358245719046624
6.75192912260646	0.1	0.08265866209262436	0.1407185628742515	0.11631608138782472	1.5358245719046624
6.761931980565876	0.1	0.08263293310463123	0.1407185628742515	0.11627987592567868	1.5358245719046624
6.7719348385252935	0.1	0.08260720411663808	0.1407185628742515	0.11624367046353261	1.5358245719046624
6.78193769648471	0.1	0.08258147512864494	0.1407185628742515	0.11620746500138662	1.5358245719046624
6.791940554444127	0.1	0.0825557461406518	0.1407185628742515	0.11617125953924058	1.5358245719046624
6.801943412403544	0.1	0.08253001715265866	0.14285714285714285	0.11790002450379809	1.5358245719046624
6.811946270362961	0.1	0.08250428816466553	0.14285714285714285	0.11786326880666502	1.5358245719046624
6.8219491283223785	0.1	0.08247855917667239	0.14285714285714285	0.11782651310953199	1.5358245719046624
6.831951986281795	0.1	0.08245283018867926	0.14497041420118342	0.11953220944512673	1.5358245719046624
6.841954844241212	0.1	0.08242710120068611	0.14634146341463414	0.12062502614734551	1.5358245719046624
6.851957702200629	0.1	0.08240137221269297	0.14634146341463414	0.12058737396979459	1.5358245719046624
6.861960560160046	0.1	0.08237564322469983	0.14634146341463414	0.12054972179224366	1.5358245719046624
6.871963418119463	0.1	0.08234991423670669	0.14634146341463414	0.1205120696146927	1.5358245719046624
6.88196627607888	0.1	0.08232418524871356	0.14634146341463414	0.1204744174371418	1.5358245719046624
6.891969134038297	0.1	0.08229845626072041	0.14634146341463414	0.12043676525959084	1.5358245719046624
6.901971991997714	0.1	0.08227272727272728	0.14634146341463414	0.12039911308203992	1.5358245719046624
6.911974849957131	0.1	0.08224699828473414	0.14634146341463414	0.120361460904489	1.5358245719046624
6.921977707916548	0.1	0.082221269296741	0.14634146341463414	0.12032380872693806	1.5358245719046624
6.931980565875965	0.1	0.08219554030874786	0.14634146341463414	0.12028615654938711	1.5358245719046624
6.941983423835382	0.1	0.08216981132075472	0.14634146341463414	0.12024850437183617	1.5358245719046624
6.951986281794799	0.1	0.08214408233276158	0.14634146341463414	0.12021085219428523	1.5358245719046624
6.961989139754216	0.1	0.08211835334476844	0.14634146341463414	0.1201732000167343	1.5358245719046624
6.971991997713633	0.1	0.0820926243567753	0.14634146341463414	0.12013554783918337	1.5358245719046624
6.98199485567305	0.1	0.08206689536878216	0.14634146341463414	0.12009789566163241	1.5358245719046624
6.9919977136324665	0.1	0.08204116638078902	0.14497041420118342	0.11893541871771189	1.5358245719046624
7.002000571591884	0.1	0.08201543739279588	0.14497041420118342	0.11889811929724846	1.5358245719046624
7.012003429551301	0.1	0.08198970840480276	0.14497041420118342	0.11886081987678507	1.5358245719046624
7.022006287510718	0.1	0.08196397941680961	0.14497041420118342	0.11882352045632162	1.5358245719046624
7.032009145470135	0.1	0.08193825042881647	0.14497041420118342	0.11878622103585822	1.5358245719046624
7.0420120034295515	0.1	0.08191252144082334	0.14497041420118342	0.11874892161539476	1.5358245719046624
7.052014861388969	0.1	0.08188679245283019	0.14497041420118342	0.11871162219493135	1.5358245719046624
7.062017719348385	0.1	0.08186106346483706	0.14634146341463414	0.11979667824122496	1.5358245719046624
7.072020577307803	0.1	0.08183533447684391	0.14634146341463414	0.119759026063674	1.5358245719046624
7.08202343526722	0.1	0.08180960548885077	0.14634146341463414	0.11972137388612307	1.5358245719046624
7.0920262932266365	0.1	0.08178387650085764	0.14634146341463414	0.11968372170857214	1.5358245719046624
7.102029151186054	0.1	0.08175814751286449	0.1484848484848485	0.12139846145849575	1.5358245719046624
7.11203200914547	0.1	0.08173241852487137	0.14634146341463414	0.11960841735347029	1.5358245719046624
7.122034867104888	0.1	0.08170668953687822	0.14634146341463414	0.11957076517591934	1.5358245719046624
7.132037725064304	0.1	0.08168096054888509	0.14634146341463414	0.11953311299836841	1.5358245719046624
7.1420405830237215	0.1	0.08165523156089194	0.14634146341463414	0.11949546082081747	1.5358245719046624
7.152043440983139	0.1	0.0816295025728988	0.14634146341463414	0.11945780864326654	1.5358245719046624
7.162046298942555	0.1	0.08160377358490567	0.1484848484848485	0.12116923956546599	1.5358245719046624
7.172049156901973	0.1	0.08157804459691252	0.15060240963855423	0.12285850089896465	1.5358245719046624
7.182052014861389	0.1	0.08155231560891939	0.15060240963855423	0.12281975242307137	1.5358245719046624
7.1920548728208065	0.1	0.08152658662092624	0.15060240963855423	0.12278100394717804	1.5358245719046624
7.202057730780223	0.1	0.0815008576329331	0.15060240963855423	0.12274225547128481	1.5358245719046624
7.21206058873964	0.1	0.08147512864493997	0.1484848484848485	0.12097822132127449	1.5358245719046624
7.222063446699058	0.1	0.08144939965694684	0.1484848484848485	0.12094001767243621	1.5358245719046624
7.232066304658474	0.1	0.08142367066895369	0.14634146341463414	0.11915659122285903	1.5358245719046624
7.2420691626178915	0.1	0.08139794168096055	0.14634146341463414	0.11911893904530813	1.5358245719046624
7.252072020577308	0.1	0.08137221269296742	0.14634146341463414	0.1190812868677572	0.5149331114633622
7.262074878536725	0.1	0.08134648370497427	0.1484848484848485	0.12078720307708302	0.5149331114633622
7.272077736496142	0.1	0.08132075471698114	0.1484848484848485	0.1207489994282447	0.5149331114633622
7.282080594455559	0.1	0.08129502572898799	0.1484848484848485	0.12071079577940641	0.5149331114633622
7.2920834524149765	0.1	0.08126929674099485	0.1484848484848485	0.12067259213056812	0.5149331114633622
7.302086310374393	0.1	0.08124356775300172	0.15	0.12186535162950259	0.5149331114633622
7.31208916833381	0.1	0.08121783876500858	0.15	0.12182675814751287	0.5149331114633622
7.322092026293227	0.1	0.08119210977701545	0.15	0.1217881646655232	0.5149331114633622
7.332094884252644	0.1	0.0811663807890223	0.15	0.12174957118353345	0.5149331114633622
7.342097742212061	0.1	0.08114065180102917	0.15	0.12171097770154377	0.5149331114633622
7.352100600171478	0.1	0.08111492281303602	0.14779874213836477	0.11988683560417271	0.5149331114633622
7.362103458130895	0.1	0.08108919382504289	0.14556962025316456	0.11804123151746744	0.5149331114633622
7.372106316090312	0.1	0.08106346483704975	0.14556962025316456	0.11800377792735091	0.5149331114633622
7.382109174049729	0.1	0.0810377358490566	0.14556962025316456	0.1179663243372343	0.5149331114633622
7.392112032009146	0.1	0.08101200686106347	0.14556962025316456	0.11792887074711766	0.5149331114633622
7.402114889968563	0.1	0.08098627787307032	0.14556962025316456	0.1178914171570011	0.5149331114633622
7.412117747927979	0.1	0.0809605488850772	0.14331210191082802	0.11602626432574757	0.5149331114633622
7.422120605887397	0.1	0.08093481989708405	0.14556962025316456	0.11781650997676789	0.5149331114633622
7.432123463846814	0.1	0.08090909090909092	0.14779874213836477	0.11958261863922247	0.5149331114633622
7.442126321806231	0.1	0.08088336192109777	0.14779874213836477	0.11954459151860358	0.5149331114633622
7.452129179765648	0.1	0.08085763293310463	0.14779874213836477	0.11950656439798477	0.5149331114633622
7.462132037725064	0.1	0.0808319039451115	0.14779874213836477	0.11946853727736605	0.5149331114633622
7.472134895684482	0.1	0.08080617495711835	0.14779874213836477	0.11943051015674723	0.5149331114633622
7.482137753643899	0.1	0.08078044596912522	0.14779874213836477	0.11939248303612844	0.5149331114633622
7.492140611603316	0.1	0.08075471698113207	0.14779874213836477	0.11935445591550965	0.5149331114633622
7.502143469562733	0.1	0.08072898799313893	0.14779874213836477	0.11931642879489093	0.5149331114633622
7.512146327522149	0.1	0.0807032590051458	0.14779874213836477	0.11927840167427214	0.5149331114633622
7.522149185481567	0.1	0.08067753001715267	0.14779874213836477	0.11924037455365336	0.5149331114633622
7.532152043440983	0.1	0.08065180102915953	0.14779874213836477	0.11920234743303454	0.5149331114633622
7.542154901400401	0.1	0.08062607204116638	0.14779874213836477	0.1191643203124157	0.5149331114633622
7.552157759359818	0.1	0.08060034305317325	0.14779874213836477	0.11912629319179698	0.5149331114633622
7.562160617319234	0.1	0.0805746140651801	0.14779874213836477	0.11908826607117819	0.5149331114633622
7.572163475278652	0.1	0.08054888507718697	0.14779874213836477	0.11905023895055938	0.5149331114633622
7.582166333238068	0.1	0.08052315608919383	0.14779874213836477	0.11901221182994058	0.5149331114633622
7.592169191197486	0.1	0.08049742710120068	0.14779874213836477	0.11897418470932179	0.5149331114633622
7.602172049156902	0.1	0.08047169811320755	0.14779874213836477	0.118936157588703	0.5149331114633622
7.612174907116319	0.1	0.08044596912521441	0.14779874213836477	0.11889813046808413	0.5149331114633622
7.622177765075737	0.1	0.08042024013722128	0.14779874213836477	0.11886010334746541	0.5149331114633622
7.632180623035153	0.1	0.08039451114922813	0.14779874213836477	0.11882207622684654	0.5149331114633622
7.642183480994571	0.1	0.080368782161235	0.14779874213836477	0.11878404910622786	0.5149331114633622
7.652186338953987	0.1	0.08034305317324186	0.14779874213836477	0.11874602198560903	0.5149331114633622
7.662189196913404	0.1	0.08031732418524871	0.14779874213836477	0.11870799486499024	0.5149331114633622
7.672192054872821	0.1	0.08029159519725558	0.14779874213836477	0.11866996774437147	0.5149331114633622
7.682194912832238	0.1	0.08026586620926243	0.14779874213836477	0.1186319406237527	0.5149331114633622
7.692197770791656	0.1	0.0802401372212693	0.14779874213836477	0.11859391350313388	0.5149331114633622
7.702200628751072	0.1	0.08021440823327616	0.14779874213836477	0.11855588638251507	0.5149331114633622
7.712203486710489	0.1	0.08018867924528303	0.14779874213836477	0.1185178592618963	0.5149331114633622
7.722206344669906	0.1	0.08016295025728988	0.14779874213836477	0.11847983214127752	0.5149331114633622
7.732209202629323	0.1	0.08013722126929675	0.14779874213836477	0.11844180502065874	0.5149331114633622
7.74221206058874	0.1	0.08011149228130361	0.14556962025316456	0.11661799509303691	0.5149331114633622
7.752214918548157	0.1	0.08008576329331046	0.14556962025316456	0.1165805415029203	0.5149331114633622
7.762217776507574	0.1	0.08006003430531733	0.14556962025316456	0.11654308791280368	0.5149331114633622
7.772220634466991	0.1	0.08003430531732418	0.14556962025316456	0.1165056343226871	0.5149331114633622
7.782223492426408	0.1	0.08000857632933105	0.14556962025316456	0.11646818073257048	0.5149331114633622
7.792226350385825	0.1	0.07998284734133791	0.14556962025316456	0.11643072714245392	0.5149331114633622
7.802229208345242	0.1	0.07995711835334478	0.14556962025316456	0.11639327355233733	0.5149331114633622
7.8122320663046585	0.1	0.07993138936535164	0.14556962025316456	0.11635581996222076	0.5149331114633622
7.822234924264076	0.1	0.0799056603773585	0.14556962025316456	0.1163183663721041	0.5149331114633622
7.832237782223493	0.1	0.07987993138936536	0.14556962025316456	0.11628091278198757	0.5149331114633622
7.84224064018291	0.1	0.07985420240137221	0.14556962025316456	0.1162434591918709	0.5149331114633622
7.852243498142327	0.1	0.07982847341337908	0.14556962025316456	0.11620600560175436	0.5149331114633622
7.8622463561017435	0.1	0.07980274442538594	0.14556962025316456	0.11616855201163777	0.5149331114633622
7.872249214061161	0.1	0.0797770154373928	0.14556962025316456	0.11613109842152115	0.5149331114633622
7.882252072020577	0.1	0.07975128644939966	0.14779874213836477	0.11787139821137682	0.5149331114633622
7.892254929979995	0.1	0.07972555746140651	0.14779874213836477	0.11783337109075809	0.5149331114633622
7.902257787939412	0.1	0.07969982847341339	0.14779874213836477	0.1177953439701393	0.5149331114633622
7.9122606458988285	0.1	0.07967409948542024	0.15	0.11951114922813036	0.5149331114633622
7.922263503858246	0.1	0.07964837049742711	0.15	0.11947255574614067	0.5149331114633622
7.932266361817662	0.1	0.07962264150943396	0.15	0.11943396226415093	0.5149331114633622
7.94226921977708	0.1	0.07959691252144083	0.15	0.11939536878216124	0.5149331114633622
7.952272077736497	0.1	0.07957118353344769	0.15	0.11935677530017154	0.5149331114633622
7.9622749356959135	0.1	0.07954545454545454	0.15	0.11931818181818184	0.5149331114633622
7.972277793655331	0.1	0.07951972555746141	0.15	0.11927958833619211	0.5149331114633622
7.982280651614747	0.1	0.07949399656946826	0.15	0.11924099485420238	0.5149331114633622
7.992283509574165	0.1	0.07946826758147513	0.14634146341463414	0.11629502572898799	0.5149331114633622
8.002286367533582	0.1	0.07944253859348199	0.14634146341463414	0.11625737355143707	0.5149331114633622
8.012289225492998	0.1	0.07941680960548886	0.14634146341463414	0.11621972137388614	0.5149331114633622
8.022292083452415	0.1	0.07939108061749572	0.14634146341463414	0.1161820691963352	0.5149331114633622
8.032294941411832	0.1	0.07936535162950258	0.14634146341463414	0.11614441701878424	0.5149331114633622
8.04229779937125	0.1	0.07933962264150944	0.14634146341463414	0.11610676484123332	0.5149331114633622
8.052300657330667	0.1	0.07931389365351629	0.14634146341463414	0.11606911266368238	0.5149331114633622
8.062303515290083	0.1	0.07928816466552316	0.14634146341463414	0.11603146048613146	0.5149331114633622
8.0723063732495	0.1	0.07926243567753002	0.1484848484848485	0.11769270752118095	0.5149331114633622
8.082309231208917	0.1	0.07923670668953688	0.1484848484848485	0.11765450387234264	0.5149331114633622
8.092312089168335	0.1	0.07921097770154374	0.1484848484848485	0.11761630022350436	0.5149331114633622
8.102314947127752	0.1	0.07918524871355061	0.15	0.1187778730703259	0.5149331114633622
8.112317805087168	0.1	0.07915951972555747	0.15	0.11873927958833619	0.5149331114633622
8.122320663046585	0.1	0.07913379073756432	0.15	0.11870068610634649	0.5149331114633622
8.132323521006002	0.1	0.07910806174957119	0.15	0.11866209262435679	0.5149331114633622
8.14232637896542	0.1	0.07908233276157806	0.15	0.11862349914236707	0.5149331114633622
8.152329236924835	0.1	0.07905660377358491	0.15161290322580645	0.1198600121728545	0.5149331114633622
8.162332094884253	0.1	0.07903087478559177	0.15161290322580645	0.11982100370718753	0.5149331114633622
8.17233495284367	0.1	0.07900514579759862	0.15161290322580645	0.1197819952415205	0.5149331114633622
8.182337810803087	0.1	0.07897941680960549	0.14935064935064934	0.1179562718585017	0.5149331114633622
8.192340668762505	0.1	0.07895368782161236	0.14935064935064934	0.11791784544786262	0.5149331114633622
8.20234352672192	0.1	0.07892795883361922	0.14935064935064934	0.11787941903722347	0.5149331114633622
8.212346384681338	0.1	0.07890222984562607	0.14935064935064934	0.11784099262658441	0.5149331114633622
8.222349242640755	0.1	0.07887650085763294	0.14705882352941177	0.11599485420240138	0.5149331114633622
8.232352100600172	0.1	0.0788507718696398	0.14705882352941177	0.1159570174553527	0.5149331114633622
8.24235495855959	0.1	0.07882504288164666	0.14705882352941177	0.1159191807083039	0.5149331114633622
8.252357816519005	0.1	0.07879931389365352	0.14935064935064934	0.11768728698402801	0.5149331114633622
8.262360674478423	0.1	0.07877358490566037	0.14935064935064934	0.11764886057338889	0.5149331114633622
8.27236353243784	0.1	0.07874785591766724	0.14935064935064934	0.11761043416274979	0.5149331114633622
8.282366390397257	0.1	0.0787221269296741	0.14705882352941177	0.115767833720109	0.5149331114633622
8.292369248356675	0.1	0.07869639794168096	0.14473684210526316	0.11390268123138032	0.5149331114633622
8.30237210631609	0.1	0.07867066895368784	0.14473684210526316	0.11386544190665344	0.5149331114633622
8.312374964275508	0.1	0.07864493996569469	0.14473684210526316	0.1138282025819265	0.5149331114633622
8.322377822234925	0.1	0.07861921097770155	0.14705882352941177	0.11561648673191403	0.5149331114633622
8.332380680194342	0.1	0.0785934819897084	0.14705882352941177	0.11557864998486532	0.5149331114633622
8.342383538153758	0.1	0.07856775300171527	0.14705882352941177	0.11554081323781655	0.5149331114633622
8.352386396113175	0.1	0.07854202401372214	0.14705882352941177	0.11550297649076784	0.5149331114633622
8.362389254072593	0.1	0.07851629502572899	0.14705882352941177	0.11546513974371908	0.5149331114633622
8.37239211203201	0.1	0.07849056603773585	0.14705882352941177	0.11542730299667038	0.5149331114633622
8.382394969991427	0.1	0.0784648370497427	0.14705882352941177	0.11538946624962163	0.5149331114633622
8.392397827950843	0.1	0.07843910806174957	0.14935064935064934	0.11714931723508054	0.5149331114633622
8.40240068591026	0.1	0.07841337907375644	0.14935064935064934	0.11711089082444143	0.5149331114633622
8.412403543869678	0.1	0.0783876500857633	0.14705882352941177	0.1152759560084754	0.5149331114633622
8.422406401829095	0.1	0.07836192109777015	0.14705882352941177	0.11523811926142667	0.5149331114633622
8.432409259788512	0.1	0.07833619210977702	0.14705882352941177	0.11520028251437799	0.5149331114633622
8.442412117747928	0.1	0.07831046312178389	0.14705882352941177	0.1151624457673292	0.5149331114633622
8.452414975707345	0.1	0.07828473413379074	0.14705882352941177	0.11512460902028053	0.5149331114633622
8.462417833666763	0.1	0.0782590051457976	0.14705882352941177	0.1150867722732318	0.5149331114633622
8.47242069162618	0.1	0.07823327615780445	0.14705882352941177	0.115048935526183	0.5149331114633622
8.482423549585596	0.1	0.07820754716981132	0.14705882352941177	0.11501109877913426	0.5149331114633622
8.492426407545013	0.1	0.07818181818181819	0.14705882352941177	0.11497326203208558	0.5149331114633622
8.50242926550443	0.1	0.07815608919382505	0.14705882352941177	0.11493542528503684	0.5149331114633622
8.512432123463848	0.1	0.07813036020583192	0.14705882352941177	0.1148975885379881	0.5149331114633622
8.522434981423265	0.1	0.07810463121783877	0.14705882352941177	0.11485975179093935	0.5149331114633622
8.53243783938268	0.1	0.07807890222984563	0.14705882352941177	0.11482191504389064	0.5149331114633622
8.542440697342098	0.1	0.07805317324185249	0.14705882352941177	0.1147840782968419	0.5149331114633622
8.552443555301515	0.1	0.07802744425385935	0.14705882352941177	0.11474624154979317	0.5149331114633622
8.562446413260933	0.1	0.07800171526586622	0.14705882352941177	0.11470840480274444	0.5149331114633622
8.57244927122035	0.1	0.07797598627787307	0.14556962025316456	0.11350934711335951	0.5149331114633622
8.582452129179766	0.1	0.07795025728987993	0.14556962025316456	0.11347189352324297	0.5149331114633622
8.592454987139183	0.1	0.07792452830188679	0.14779874213836477	0.11517147264744274	0.5149331114633622
8.6024578450986	0.1	0.07789879931389367	0.14779874213836477	0.11513344552682402	0.5149331114633622
8.612460703058018	0.1	0.07787307032590052	0.14779874213836477	0.11509541840620519	0.5149331114633622
8.622463561017433	0.1	0.07784734133790738	0.14935064935064934	0.11626550979038115	0.5149331114633622
8.63246641897685	0.1	0.07782161234991425	0.14935064935064934	0.11622708337974208	0.5149331114633622
8.642469276936268	0.1	0.0777958833619211	0.14935064935064934	0.11618865696910292	0.5149331114633622
8.652472134895685	0.1	0.07777015437392797	0.14935064935064934	0.11615023055846381	0.5149331114633622
8.662474992855103	0.1	0.07774442538593482	0.14935064935064934	0.11611180414782478	0.5149331114633622
8.672477850814518	0.1	0.07771869639794168	0.14935064935064934	0.1160733777371856	0.5149331114633622
8.682480708773936	0.1	0.07769296740994855	0.14935064935064934	0.11603495132654654	0.5149331114633622
8.692483566733353	0.1	0.0776672384219554	0.14935064935064934	0.11599652491590745	0.5149331114633622
8.70248642469277	0.1	0.07764150943396227	0.14935064935064934	0.11595809850526828	0.5149331114633622
8.712489282652188	0.1	0.07761578044596913	0.14935064935064934	0.11591967209462918	0.5149331114633622
8.722492140611603	0.1	0.077590051457976	0.14935064935064934	0.1158812456839901	0.5149331114633622
8.73249499857102	0.1	0.07756432246998285	0.14935064935064934	0.11584281927335105	0.5149331114633622
8.742497856530438	0.1	0.07753859348198971	0.14705882352941177	0.1140273433558672	0.5149331114633622
8.752500714489855	0.1	0.07751286449399657	0.14705882352941177	0.11398950660881846	0.5149331114633622
8.762503572449273	0.1	0.07748713550600343	0.14705882352941177	0.11395166986176976	0.5149331114633622
8.772506430408688	0.1	0.0774614065180103	0.14705882352941177	0.11391383311472099	0.5149331114633622
8.782509288368106	0.1	0.07743567753001715	0.14705882352941177	0.11387599636767225	0.5149331114633622
8.792512146327523	0.1	0.07740994854202402	0.14935064935064934	0.11561226080951637	0.5149331114633622
8.80251500428694	0.1	0.07738421955403088	0.14935064935064934	0.1155738343988773	0.5149331114633622
8.812517862246356	0.1	0.07735849056603775	0.14935064935064934	0.11553540798823818	0.5149331114633622
8.822520720205773	0.1	0.0773327615780446	0.14935064935064934	0.11549698157759909	0.5149331114633622
8.83252357816519	0.1	0.07730703259005146	0.15161290322580645	0.1172074365074974	0.5149331114633622
8.842526436124608	0.1	0.07728130360205833	0.15161290322580645	0.11716842804183034	0.5149331114633622
8.852529294084025	0.1	0.07725557461406518	0.15161290322580645	0.11712941957616334	0.5149331114633622
8.86253215204344	0.1	0.07722984562607205	0.15161290322580645	0.11709041111049633	0.5149331114633622
8.872535010002858	0.1	0.0772041166380789	0.15384615384615385	0.1187755640585829	0.5149331114633622
8.882537867962276	0.1	0.07717838765008576	0.15384615384615385	0.11873598100013194	0.5149331114633622
8.892540725921693	0.1	0.07715265866209263	0.15384615384615385	0.11869639794168096	0.5149331114633622
8.90254358388111	0.1	0.0771269296740995	0.15384615384615385	0.11865681488323	0.5149331114633622
8.912546441840526	0.1	0.07710120068610635	0.15384615384615385	0.11861723182477898	0.5149331114633622
8.922549299799943	0.1	0.07707547169811321	0.15384615384615385	0.11857764876632801	0.5149331114633622
8.93255215775936	0.1	0.07704974271012008	0.15384615384615385	0.11853806570787705	0.5149331114633622
8.942555015718778	0.1	0.07702401372212693	0.15384615384615385	0.11849848264942606	0.5149331114633622
8.952557873678193	0.1	0.0769982847341338	0.15384615384615385	0.11845889959097508	0.5149331114633622
8.96256073163761	0.1	0.07697255574614065	0.15384615384615385	0.11841931653252408	0.5149331114633622
8.972563589597028	0.1	0.07694682675814751	0.15384615384615385	0.11837973347407307	0.5149331114633622
8.982566447556446	0.1	0.07692109777015438	0.15605095541401273	0.12003610798527278	0.5149331114633622
8.992569305515863	0.1	0.07689536878216123	0.15605095541401273	0.1199959576536911	0.5149331114633622
9.002572163475278	0.1	0.07686963979416811	0.15384615384615385	0.11826098429872016	0.5149331114633622
9.012575021434696	0.1	0.07684391080617496	0.15384615384615385	0.1182214012402692	0.5149331114633622
9.022577879394113	0.1	0.07681818181818183	0.15384615384615385	0.11818181818181821	0.5149331114633622
9.03258073735353	0.1	0.07679245283018868	0.15384615384615385	0.1181422351233672	0.5149331114633622
9.042583595312948	0.1	0.07676672384219554	0.15384615384615385	0.11810265206491623	0.5149331114633622
9.052586453272363	0.1	0.07674099485420241	0.15384615384615385	0.11806306900646522	0.5149331114633622
9.06258931123178	0.1	0.07671526586620926	0.15562913907284767	0.11939130780502764	0.5149331114633622
9.072592169191198	0.1	0.07668953687821613	0.15562913907284767	0.11935126600252179	0.5149331114633622
9.082595027150616	0.1	0.07666380789022298	0.15562913907284767	0.11931122420001586	0.5149331114633622
9.092597885110031	0.1	0.07663807890222984	0.15562913907284767	0.11927118239751004	0.5149331114633622
9.102600743069448	0.1	0.07661234991423671	0.15562913907284767	0.11923114059500418	0.5149331114633622
9.112603601028866	0.1	0.07658662092624358	0.15789473684210525	0.12092624356775303	0.5149331114633622
9.122606458988283	0.1	0.07656089193825044	0.15789473684210525	0.1208856188498691	0.5149331114633622
9.1326093169477	0.1	0.0765351629502573	0.15789473684210525	0.12084499413198517	0.5149331114633622
9.142612174907116	0.1	0.07650943396226416	0.15789473684210525	0.12080436941410129	0.5149331114633622
9.152615032866533	0.1	0.07648370497427101	0.15789473684210525	0.1207637446962174	0.5149331114633622
9.16261789082595	0.1	0.07645797598627788	0.15789473684210525	0.12072311997833349	0.5149331114633622
9.172620748785368	0.1	0.07643224699828474	0.15789473684210525	0.1206824952604496	0.5149331114633622
9.182623606744786	0.1	0.0764065180102916	0.15753424657534246	0.12036643248196624	0.5149331114633622
9.192626464704201	0.1	0.07638078902229846	0.15517241379310345	0.11852191400011827	0.5149331114633622
9.202629322663618	0.1	0.07635506003430532	0.15517241379310345	0.1184819897084048	0.5149331114633622
9.212632180623036	0.1	0.07632933104631219	0.15517241379310345	0.11844206541669129	0.5149331114633622
9.222635038582453	0.1	0.07630360205831904	0.15517241379310345	0.11840214112497781	0.5149331114633622
9.23263789654187	0.1	0.07627787307032591	0.15753424657534246	0.12016377264503394	0.5149331114633622
9.242640754501286	0.1	0.07625214408233276	0.15753424657534246	0.12012324067764747	0.5149331114633622
9.252643612460703	0.1	0.07622641509433963	0.1598639455782313	0.12185855474265184	0.5149331114633622
9.26264647042012	0.1	0.07620068610634649	0.1598639455782313	0.12181742336728861	0.5149331114633622
9.272649328379538	0.1	0.07617495711835334	0.16216216216216217	0.12352695748922164	0.5149331114633622
9.282652186338954	0.1	0.07614922813036021	0.1598639455782313	0.12173516061656224	0.5149331114633622
9.292655044298371	0.1	0.07612349914236706	0.1598639455782313	0.12169402924119907	0.5149331114633622
9.302657902257788	0.1	0.07609777015437394	0.16216216216216217	0.1234017894395253	0.5149331114633622
9.312660760217206	0.1	0.07607204116638079	0.16216216216216217	0.12336006675629319	0.5149331114633622
9.322663618176623	0.1	0.07604631217838766	0.16216216216216217	0.12331834407306107	0.5149331114633622
9.332666476136039	0.1	0.07602058319039452	0.16216216216216217	0.12327662138982896	0.5149331114633622
9.342669334095456	0.1	0.07599485420240137	0.1644295302013423	0.12495798174220361	0.5149331114633622
9.352672192054873	0.1	0.07596912521440824	0.16216216216216217	0.12319317602336469	0.5149331114633622
9.36267505001429	0.1	0.07594339622641509	0.16433566433566432	0.12480208470774516	0.5149331114633622
9.372677907973708	0.1	0.07591766723842196	0.16666666666666666	0.12652944539736996	0.5149331114633622
9.382680765933124	0.1	0.07589193825042882	0.16666666666666666	0.1264865637507147	0.5149331114633622
9.392683623892541	0.1	0.07586620926243567	0.16666666666666666	0.12644368210405948	0.5149331114633622
9.402686481851958	0.1	0.07584048027444254	0.16666666666666666	0.12640080045740426	0.5149331114633622
9.412689339811376	0.1	0.0758147512864494	0.16666666666666666	0.12635791881074898	0.5149331114633622
9.422692197770791	0.1	0.07578902229845627	0.16666666666666666	0.12631503716409379	0.5149331114633622
9.432695055730209	0.1	0.07576329331046312	0.16423357664233576	0.1244287663857971	0.5149331114633622
9.442697913689626	0.1	0.07573756432246999	0.15925925925925927	0.12061908392097073	0.5149331114633622
9.452700771649043	0.1	0.07571183533447684	0.15925925925925927	0.12057810812527792	0.5149331114633622
9.46270362960846	0.1	0.0756861063464837	0.16153846153846155	0.12226217179047366	0.5149331114633622
9.472706487567876	0.1	0.07566037735849057	0.16153846153846155	0.12222060957910012	0.5149331114633622
9.482709345527294	0.1	0.07563464837049742	0.164	0.12404082332761576	0.5149331114633622
9.492712203486711	0.1	0.0756089193825043	0.164	0.12399862778730704	0.5149331114633622
9.502715061446128	0.1	0.07558319039451115	0.16129032258064516	0.12190837160405026	0.5149331114633622
9.512717919405546	0.1	0.07555746140651802	0.16129032258064516	0.1218668732363194	0.5149331114633622
9.522720777364961	0.1	0.07553173241852487	0.16129032258064516	0.1218253748685885	0.5149331114633622
9.532723635324379	0.1	0.07550600343053174	0.16129032258064516	0.12178387650085763	0.5149331114633622
9.542726493283796	0.1	0.0754802744425386	0.16129032258064516	0.12174237813312677	0.5149331114633622
9.552729351243213	0.1	0.07545454545454545	0.16129032258064516	0.12170087976539591	0.5149331114633622
9.562732209202629	0.1	0.07542881646655232	0.16129032258064516	0.12165938139766504	0.5149331114633622
9.572735067162046	0.1	0.07540308747855917	0.15891472868217055	0.11982661188453202	0.5149331114633622
9.582737925121464	0.1	0.07537735849056604	0.15891472868217055	0.11978572473307006	0.5149331114633622
9.592740783080881	0.1	0.0753516295025729	0.15891472868217055	0.1197448375816081	0.5149331114633622
9.602743641040298	0.1	0.07532590051457977	0.15891472868217055	0.11970395043014614	0.5149331114633622
9.612746498999714	0.1	0.07530017152658663	0.15891472868217055	0.11966306327868419	0.5149331114633622
9.622749356959131	0.1	0.07527444253859349	0.15891472868217055	0.1196221761272222	0.5149331114633622
9.632752214918549	0.1	0.07524871355060035	0.15891472868217055	0.11958128897576024	0.5149331114633622
9.642755072877966	0.1	0.0752229845626072	0.15891472868217055	0.11954040182429827	0.5149331114633622
9.652757930837383	0.1	0.07519725557461407	0.15891472868217055	0.1194995146728363	0.5149331114633622
9.662760788796799	0.1	0.07517152658662093	0.15891472868217055	0.11945862752137436	0.5149331114633622
9.672763646756216	0.1	0.07514579759862779	0.15891472868217055	0.11941774036991237	0.5149331114633622
9.682766504715634	0.1	0.07512006861063465	0.15891472868217055	0.11937685321845042	0.5149331114633622
9.692769362675051	0.1	0.07509433962264152	0.15891472868217055	0.11933596606698846	0.5149331114633622
9.702772220634467	0.1	0.07506861063464838	0.15671641791044777	0.1176448375617624	0.5149331114633622
9.712775078593884	0.1	0.07504288164665524	0.15671641791044777	0.1176045160134149	0.5149331114633622
9.722777936553301	0.1	0.0750171526586621	0.15671641791044777	0.11756419446506748	0.5149331114633622
9.732780794512719	0.1	0.07499142367066895	0.15671641791044777	0.11752387291671999	0.5149331114633622
9.742783652472136	0.1	0.07496569468267582	0.15671641791044777	0.11748355136837257	0.5149331114633622
9.752786510431552	0.1	0.07493996569468268	0.15671641791044777	0.11744322982002513	0.5149331114633622
9.762789368390969	0.1	0.07491423670668954	0.15671641791044777	0.11740290827167765	0.5149331114633622
9.772792226350386	0.1	0.0748885077186964	0.15671641791044777	0.11736258672333016	0.5149331114633622
9.782795084309804	0.1	0.07486277873070325	0.15925925925925927	0.11922590686741628	0.5149331114633622
9.792797942269221	0.1	0.07483704974271013	0.15925925925925927	0.11918493107172354	0.5149331114633622
9.802800800228637	0.1	0.07481132075471698	0.16176470588235295	0.1210183129855716	0.5149331114633622
9.812803658188054	0.1	0.07478559176672385	0.16176470588235295	0.12097669256381796	0.5149331114633622
9.822806516147471	0.1	0.07475986277873072	0.16176470588235295	0.12093507214206439	0.5149331114633622
9.832809374106889	0.1	0.07473413379073757	0.16423357664233576	0.12273854089719675	0.5149331114633622
9.842812232066306	0.1	0.07470840480274443	0.16423357664233576	0.12269628525998176	0.5149331114633622
9.852815090025722	0.1	0.07468267581475128	0.16423357664233576	0.12265402962276672	0.5149331114633622
9.862817947985139	0.1	0.07465694682675815	0.16423357664233576	0.12261177398555174	0.5149331114633622
9.872820805944556	0.1	0.07463121783876502	0.16423357664233576	0.12256951834833672	0.5149331114633622
9.882823663903974	0.1	0.07460548885077187	0.16423357664233576	0.12252726271112171	0.5149331114633622
9.89282652186339	0.1	0.07457975986277873	0.16423357664233576	0.12248500707390672	0.5149331114633622
9.902829379822807	0.1	0.0745540308747856	0.16433566433566432	0.12251886192709514	0.5149331114633622
9.912832237782224	0.1	0.07452830188679246	0.16433566433566432	0.12247658002374985	0.5149331114633622
9.922835095741641	0.1	0.07450257289879932	0.1619718309859155	0.12067318145580168	0.5149331114633622
9.932837953701059	0.1	0.07447684391080618	0.1595744680851064	0.11884602751724394	0.5149331114633622
9.942840811660474	0.1	0.07445111492281303	0.1595744680851064	0.11880497062151017	0.5149331114633622
9.952843669619892	0.1	0.0744253859348199	0.1595744680851064	0.1187639137257764	0.5149331114633622
9.962846527579309	0.1	0.07439965694682676	0.15467625899280577	0.11507860606883276	0.5149331114633622
9.972849385538726	0.1	0.07437392795883362	0.15467625899280577	0.11503880943272825	0.5149331114633622
9.982852243498144	0.1	0.07434819897084048	0.15467625899280577	0.11499901279662378	0.5149331114633622
9.99285510145756	0.1	0.07432246998284735	0.15467625899280577	0.11495921616051927	0.5149331114633622
10.002857959416977	0.1	0.07429674099485421	0.15467625899280577	0.11491941952441477	0.5149331114633622
10.012860817376394	0.1	0.07427101200686106	0.15217391304347827	0.11302110522783204	0.5149331114633622
10.022863675335811	0.1	0.07424528301886793	0.15217391304347827	0.11298195242001643	0.5149331114633622
10.032866533295227	0.1	0.0742195540308748	0.15217391304347827	0.11294279961220077	0.5149331114633622
10.042869391254644	0.1	0.07419382504288165	0.15217391304347827	0.11290364680438512	0.5149331114633622
10.052872249214062	0.1	0.07416809605488851	0.15467625899280577	0.11472043634389231	0.5149331114633622
10.062875107173479	0.1	0.07414236706689536	0.15467625899280577	0.11468063970778779	0.5149331114633622
10.072877965132896	0.1	0.07411663807890223	0.15467625899280577	0.1146408430716833	0.5149331114633622
10.082880823092312	0.1	0.0740909090909091	0.15467625899280577	0.1146010464355788	0.5149331114633622
10.09288368105173	0.1	0.07406518010291596	0.15467625899280577	0.11456124979947432	0.5149331114633622
10.102886539011147	0.1	0.07403945111492283	0.15467625899280577	0.11452145316336987	0.5149331114633622
10.112889396970564	0.1	0.07401372212692968	0.15467625899280577	0.11448165652726534	0.5149331114633622
10.122892254929981	0.1	0.07398799313893654	0.15467625899280577	0.11444185989116082	0.5149331114633622
10.132895112889397	0.1	0.0739622641509434	0.15467625899280577	0.11440206325505634	0.5149331114633622
10.142897970848814	0.1	0.07393653516295026	0.15467625899280577	0.11436226661895185	0.5149331114633622
10.152900828808232	0.1	0.07391080617495713	0.15467625899280577	0.11432246998284736	0.5149331114633622
10.162903686767649	0.1	0.07388507718696398	0.15467625899280577	0.11428267334674283	0.5149331114633622
10.172906544727065	0.1	0.07385934819897085	0.15467625899280577	0.11424287671063835	0.5149331114633622
10.182909402686482	0.1	0.0738336192109777	0.15467625899280577	0.11420308007453384	0.5149331114633622
10.1929122606459	0.1	0.07380789022298458	0.15467625899280577	0.11416328343842934	0.5149331114633622
10.202915118605317	0.1	0.07378216123499143	0.15467625899280577	0.11412348680232488	0.5149331114633622
10.212917976564734	0.1	0.0737564322469983	0.15467625899280577	0.11408369016622039	0.5149331114633622
10.22292083452415	0.1	0.07373070325900515	0.15467625899280577	0.11404389353011586	0.5149331114633622
10.232923692483567	0.1	0.07370497427101201	0.15217391304347827	0.11215974345588786	0.5149331114633622
10.242926550442984	0.1	0.07367924528301888	0.15217391304347827	0.11212059064807221	0.5149331114633622
10.252929408402402	0.1	0.07365351629502573	0.15217391304347827	0.11208143784025654	0.5149331114633622
10.262932266361819	0.1	0.0736277873070326	0.15034965034965034	0.11069912077630778	0.5149331114633622
10.272935124321235	0.1	0.07360205831903945	0.15034965034965034	0.11066043733282155	0.5149331114633622
10.282937982280652	0.1	0.07357632933104631	0.15217391304347827	0.11196397941680962	0.5149331114633622
10.29294084024007	0.1	0.07355060034305318	0.15217391304347827	0.11192482660899396	0.5149331114633622
10.302943698199487	0.1	0.07352487135506004	0.15217391304347827	0.11188567380117831	0.5149331114633622
10.312946556158904	0.1	0.07349914236706691	0.15217391304347827	0.11184652099336272	0.5149331114633622
10.32294941411832	0.1	0.07347341337907376	0.15217391304347827	0.11180736818554703	0.5149331114633622
10.332952272077737	0.1	0.07344768439108063	0.15217391304347827	0.11176821537773139	0.5149331114633622
10.342955130037154	0.1	0.07342195540308748	0.15217391304347827	0.11172906256991573	0.5149331114633622
10.352957987996572	0.1	0.07339622641509434	0.15217391304347827	0.11168990976210008	0.5149331114633622
10.362960845955987	0.1	0.07337049742710121	0.15217391304347827	0.11165075695428445	0.5149331114633622
10.372963703915405	0.1	0.07334476843910806	0.15217391304347827	0.1116116041464688	0.5149331114633622
10.382966561874822	0.1	0.07331903945111493	0.15217391304347827	0.11157245133865318	0.5149331114633622
10.39296941983424	0.1	0.07329331046312179	0.15217391304347827	0.1115332985308375	0.5149331114633622
10.402972277793657	0.1	0.07326758147512866	0.15217391304347827	0.11149414572302188	0.5149331114633622
10.412975135753072	0.1	0.07324185248713551	0.15217391304347827	0.11145499291520622	0.5149331114633622
10.42297799371249	0.1	0.07321612349914237	0.15217391304347827	0.11141584010739056	0.5149331114633622
10.432980851671907	0.1	0.07319039451114923	0.15217391304347827	0.1113766872995749	0.5149331114633622
10.442983709631324	0.1	0.07316466552315609	0.15217391304347827	0.11133753449175929	0.5149331114633622
10.452986567590742	0.1	0.07313893653516296	0.15217391304347827	0.11129838168394363	0.5149331114633622
10.462989425550157	0.1	0.07311320754716981	0.15217391304347827	0.11125922887612798	0.5149331114633622
10.472992283509575	0.1	0.07308747855917667	0.15217391304347827	0.11122007606831234	0.5149331114633622
10.482995141468992	0.1	0.07306174957118353	0.15217391304347827	0.11118092326049665	0.5149331114633622
10.49299799942841	0.1	0.0730360205831904	0.15217391304347827	0.11114177045268105	0.5149331114633622
10.503000857387825	0.1	0.07301029159519726	0.15217391304347827	0.11110261764486538	0.5149331114633622
10.513003715347242	0.1	0.07298456260720412	0.15217391304347827	0.11106346483704974	0.5149331114633622
10.52300657330666	0.1	0.07295883361921099	0.15217391304347827	0.1110243120292341	0.5149331114633622
10.533009431266077	0.1	0.07293310463121784	0.15217391304347827	0.11098515922141847	0.5149331114633622
10.543012289225494	0.1	0.0729073756432247	0.15217391304347827	0.11094600641360283	0.5149331114633622
10.55301514718491	0.1	0.07288164665523156	0.15217391304347827	0.11090685360578716	0.5149331114633622
10.563018005144327	0.1	0.07285591766723842	0.15217391304347827	0.11086770079797152	0.5149331114633622
10.573020863103745	0.1	0.07283018867924529	0.15217391304347827	0.11082854799015586	0.5149331114633622
10.583023721063162	0.1	0.07280445969125214	0.15217391304347827	0.11078939518234021	0.5149331114633622
10.59302657902258	0.1	0.07277873070325902	0.15217391304347827	0.11075024237452458	0.5149331114633622
10.603029436981995	0.1	0.07275300171526587	0.15217391304347827	0.11071108956670893	0.5149331114633622
10.613032294941412	0.1	0.07272727272727274	0.15217391304347827	0.1106719367588933	0.5149331114633622
10.62303515290083	0.1	0.07270154373927959	0.15217391304347827	0.11063278395107763	0.5149331114633622
10.633038010860247	0.1	0.07267581475128645	0.15217391304347827	0.110593631143262	0.5149331114633622
10.643040868819662	0.1	0.07265008576329332	0.15217391304347827	0.11055447833544636	0.5149331114633622
10.65304372677908	0.1	0.07262435677530017	0.15217391304347827	0.11051532552763071	0.5149331114633622
10.663046584738497	0.1	0.07259862778730704	0.15217391304347827	0.11047617271981508	0.5149331114633622
10.673049442697915	0.1	0.07257289879931389	0.15034965034965034	0.10911309959337404	0.5149331114633622
10.683052300657332	0.1	0.07254716981132076	0.15217391304347827	0.11039786710418378	0.5149331114633622
10.693055158616747	0.1	0.07252144082332762	0.15217391304347827	0.11035871429636812	0.5149331114633622
10.703058016576165	0.1	0.07249571183533449	0.15217391304347827	0.11031956148855249	0.5149331114633622
10.713060874535582	0.1	0.07246998284734134	0.15217391304347827	0.1102804086807368	0.5149331114633622
10.723063732495	0.1	0.0724442538593482	0.15217391304347827	0.11024125587292118	0.5149331114633622
10.733066590454417	0.1	0.07241852487135507	0.14963503649635038	0.10836348612137073	0.5149331114633622
10.743069448413832	0.1	0.07239279588336192	0.14963503649635038	0.10832498654079704	0.5149331114633622
10.75307230637325	0.1	0.07236706689536879	0.14963503649635038	0.10828648696022339	0.5149331114633622
10.763075164332667	0.1	0.07234133790737564	0.14963503649635038	0.10824798737964968	0.5149331114633622
10.773078022292085	0.1	0.0723156089193825	0.15217391304347827	0.11004549183384295	0.5149331114633622
10.783080880251502	0.1	0.07228987993138937	0.15217391304347827	0.1100063390260273	0.5149331114633622
10.793083738210917	0.1	0.07226415094339624	0.15217391304347827	0.10996718621821165	0.5149331114633622
10.803086596170335	0.1	0.0722384219554031	0.15217391304347827	0.109928033410396	0.5149331114633622
10.813089454129752	0.1	0.07221269296740995	0.15217391304347827	0.10988888060258037	0.5149331114633622
10.82309231208917	0.1	0.07218696397941682	0.15217391304347827	0.10984972779476475	0.5149331114633622
10.833095170048585	0.1	0.07216123499142367	0.15217391304347827	0.10981057498694907	0.5149331114633622
10.843098028008002	0.1	0.07213550600343054	0.15217391304347827	0.10977142217913344	0.5149331114633622
10.85310088596742	0.1	0.0721097770154374	0.15217391304347827	0.10973226937131779	0.5149331114633622
10.863103743926837	0.1	0.07208404802744425	0.15217391304347827	0.10969311656350213	0.5149331114633622
10.873106601886255	0.1	0.07205831903945112	0.15217391304347827	0.10965396375568649	0.5149331114633622
10.88310945984567	0.1	0.07203259005145797	0.15217391304347827	0.10961481094787084	0.5149331114633622
10.893112317805087	0.1	0.07200686106346485	0.15217391304347827	0.10957565814005524	0.5149331114633622
10.903115175764505	0.1	0.0719811320754717	0.15217391304347827	0.10953650533223956	0.5149331114633622
10.913118033723922	0.1	0.07195540308747857	0.15467625899280577	0.1112979256389057	0.5149331114633622
10.92312089168334	0.1	0.07192967409948542	0.15217391304347827	0.10945819971660825	0.5149331114633622
10.933123749642755	0.1	0.07190394511149228	0.14963503649635038	0.1075934945098972	0.5149331114633622
10.943126607602172	0.1	0.07187821612349915	0.14963503649635038	0.10755499492932352	0.5149331114633622
10.95312946556159	0.1	0.071852487135506	0.14963503649635038	0.10751649534874985	0.5149331114633622
10.963132323521007	0.1	0.07182675814751287	0.14963503649635038	0.1074779957681762	0.5149331114633622
10.973135181480423	0.1	0.07180102915951972	0.14963503649635038	0.10743949618760251	0.5149331114633622
10.98313803943984	0.1	0.07177530017152658	0.14963503649635038	0.10740099660702883	0.5149331114633622
10.993140897399257	0.1	0.07174957118353345	0.14963503649635038	0.10736249702645516	0.5149331114633622
11.003143755358675	0.1	0.07172384219554032	0.14963503649635038	0.10732399744588149	0.5149331114633622
11.013146613318092	0.1	0.07169811320754718	0.14963503649635038	0.10728549786530782	0.5149331114633622
11.023149471277508	0.1	0.07167238421955403	0.14963503649635038	0.10724699828473415	0.5149331114633622
11.033152329236925	0.1	0.0716466552315609	0.14963503649635038	0.10720849870416048	0.5149331114633622
11.043155187196342	0.1	0.07162092624356775	0.14963503649635038	0.10716999912358677	0.5149331114633622
11.05315804515576	0.1	0.07159519725557462	0.14705882352941177	0.10528705478760972	0.5149331114633622
11.063160903115177	0.1	0.07156946826758148	0.14963503649635038	0.10709299996243944	0.5149331114633622
11.073163761074593	0.1	0.07154373927958833	0.14963503649635038	0.10705450038186576	0.5149331114633622
11.08316661903401	0.1	0.0715180102915952	0.14963503649635038	0.10701600080129209	0.5149331114633622
11.093169476993427	0.1	0.07149228130360206	0.14963503649635038	0.10697750122071843	0.5149331114633622
11.103172334952845	0.1	0.07146655231560893	0.15217391304347827	0.10875344917592664	0.5149331114633622
11.11317519291226	0.1	0.07144082332761578	0.15217391304347827	0.10871429636811097	0.5149331114633622
11.123178050871678	0.1	0.07141509433962265	0.15217391304347827	0.10867514356029534	0.5149331114633622
11.133180908831095	0.1	0.07138936535162951	0.15217391304347827	0.1086359907524797	0.5149331114633622
11.143183766790512	0.1	0.07136363636363637	0.15217391304347827	0.10859683794466403	0.5149331114633622
11.15318662474993	0.1	0.07133790737564323	0.15467625899280577	0.11034280637239778	0.5149331114633622
11.163189482709345	0.1	0.07131217838765008	0.15467625899280577	0.11030300973629331	0.5149331114633622
11.173192340668763	0.1	0.07128644939965695	0.15467625899280577	0.1102632131001888	0.5149331114633622
11.18319519862818	0.1	0.07126072041166381	0.15467625899280577	0.1102234164640843	0.5149331114633622
11.193198056587597	0.1	0.07123499142367068	0.15467625899280577	0.11018361982797985	0.5149331114633622
11.203200914547015	0.1	0.07120926243567753	0.15467625899280577	0.11014382319187531	0.5149331114633622
11.21320377250643	0.1	0.0711835334476844	0.15467625899280577	0.11010402655577083	0.5149331114633622
11.223206630465848	0.1	0.07115780445969126	0.15467625899280577	0.11006422991966637	0.5149331114633622
11.233209488425265	0.1	0.07113207547169811	0.15467625899280577	0.11002443328356183	0.5149331114633622
11.243212346384682	0.1	0.07110634648370498	0.15467625899280577	0.10998463664745736	0.5149331114633622
11.253215204344098	0.1	0.07108061749571183	0.15467625899280577	0.10994484001135284	0.5149331114633622
11.263218062303515	0.1	0.0710548885077187	0.15467625899280577	0.10990504337524837	0.5149331114633622
11.273220920262933	0.1	0.07102915951972556	0.15467625899280577	0.10986524673914387	0.5149331114633622
11.28322377822235	0.1	0.07100343053173243	0.15217391304347827	0.108048698635245	0.5149331114633622
11.293226636181767	0.1	0.0709777015437393	0.15467625899280577	0.10978565346693488	0.5149331114633622
11.303229494141183	0.1	0.07095197255574615	0.15467625899280577	0.10974585683083035	0.5149331114633622
11.3132323521006	0.1	0.07092624356775301	0.15467625899280577	0.1097060601947259	0.5149331114633622
11.323235210060018	0.1	0.07090051457975986	0.1527777777777778	0.10832023060796646	0.5149331114633622
11.333238068019435	0.1	0.07087478559176673	0.15517241379310345	0.10997811557343116	0.5149331114633622
11.343240925978852	0.1	0.0708490566037736	0.15517241379310345	0.10993819128171764	0.5149331114633622
11.353243783938268	0.1	0.07082332761578045	0.15517241379310345	0.10989826699000416	0.5149331114633622
11.363246641897685	0.1	0.07079759862778731	0.15714285714285714	0.11125336927223718	0.5149331114633622
11.373249499857103	0.1	0.07077186963979416	0.15714285714285714	0.11121293800539084	0.5149331114633622
11.38325235781652	0.1	0.07074614065180104	0.15714285714285714	0.11117250673854451	0.5149331114633622
11.393255215775937	0.1	0.0707204116638079	0.15714285714285714	0.11113207547169814	0.5149331114633622
11.403258073735353	0.1	0.07069468267581476	0.15714285714285714	0.1110916442048518	0.5149331114633622
11.41326093169477	0.1	0.07066895368782161	0.15714285714285714	0.11105121293800538	0.5149331114633622
11.423263789654188	0.1	0.07064322469982848	0.15714285714285714	0.11101078167115903	0.5149331114633622
11.433266647613605	0.1	0.07061749571183534	0.15714285714285714	0.11097035040431269	0.5149331114633622
11.44326950557302	0.1	0.0705917667238422	0.15714285714285714	0.11092991913746632	0.5149331114633622
11.453272363532438	0.1	0.07056603773584906	0.15467625899280577	0.10914890728926295	0.5149331114633622
11.463275221491855	0.1	0.07054030874785591	0.15467625899280577	0.10910911065315845	0.5149331114633622
11.473278079451273	0.1	0.07051457975986278	0.15714285714285714	0.11080862533692723	0.5149331114633622
11.48328093741069	0.1	0.07048885077186964	0.15714285714285714	0.11076819407008086	0.5149331114633622
11.493283795370106	0.1	0.07046312178387651	0.1595744680851064	0.11244115178278162	0.5149331114633622
11.503286653329523	0.1	0.07043739279588337	0.1595744680851064	0.11240009488704791	0.5149331114633622
11.51328951128894	0.1	0.07041166380789023	0.1595744680851064	0.1123590379913142	0.5149331114633622
11.523292369248358	0.1	0.07038593481989709	0.1595744680851064	0.11231798109558051	0.5149331114633622
11.533295227207775	0.1	0.07036020583190394	0.1595744680851064	0.11227692419984676	0.5149331114633622
11.54329808516719	0.1	0.07033447684391081	0.1595744680851064	0.11223586730411296	0.5149331114633622
11.553300943126608	0.1	0.07030874785591767	0.1619718309859155	0.11388036624550045	0.5149331114633622
11.563303801086025	0.1	0.07028301886792453	0.1595744680851064	0.11215375351264556	0.5149331114633622
11.573306659045443	0.1	0.07025728987993139	0.1595744680851064	0.1121126966169118	0.5149331114633622
11.583309517004858	0.1	0.07023156089193826	0.1595744680851064	0.1120716397211781	0.5149331114633622
11.593312374964276	0.1	0.07020583190394512	0.1595744680851064	0.11203058282544433	0.5149331114633622
11.603315232923693	0.1	0.07018010291595198	0.1595744680851064	0.11198952592971062	0.5149331114633622
11.61331809088311	0.1	0.07015437392795884	0.1595744680851064	0.11194846903397687	0.5149331114633622
11.623320948842528	0.1	0.0701286449399657	0.1595744680851064	0.11190741213824315	0.5149331114633622
11.633323806801943	0.1	0.07010291595197256	0.15714285714285714	0.11016172506738543	1.5289634458230144
11.64332666476136	0.1	0.07007718696397942	0.15714285714285714	0.11012129380053912	1.5289634458230144
11.653329522720778	0.1	0.07005145797598628	0.15714285714285714	0.11008086253369273	1.5289634458230144
11.663332380680195	0.1	0.07002572898799314	0.15714285714285714	0.11004043126684637	1.5289634458230144
11.673335238639613	0.1	0.06999999999999999	0.15714285714285714	0.11000000000000003	1.5289634458230144
11.683338096599028	0.1	0.06997427101200687	0.15714285714285714	0.10995956873315366	1.5289634458230144
11.693340954558446	0.1	0.06994854202401372	0.15714285714285714	0.1099191374663073	1.5289634458230144
11.703343812517863	0.1	0.06992281303602059	0.15714285714285714	0.10987870619946094	1.5289634458230144
11.71334667047728	0.1	0.06989708404802746	0.15467625899280577	0.10811419475054607	1.5289634458230144
11.723349528436696	0.1	0.06987135506003431	0.15467625899280577	0.10807439811444156	1.5289634458230144
11.733352386396113	0.1	0.06984562607204117	0.15467625899280577	0.10803460147833707	1.5289634458230144
11.74335524435553	0.1	0.06981989708404802	0.15467625899280577	0.10799480484223258	1.5289634458230144
11.753358102314948	0.1	0.06979416809605489	0.15467625899280577	0.10795500820612809	1.5289634458230144
11.763360960274365	0.1	0.06976843910806176	0.15467625899280577	0.1079152115700236	1.5289634458230144
11.773363818233781	0.1	0.06974271012006861	0.15467625899280577	0.10787541493391908	1.5289634458230144
11.783366676193198	0.1	0.06971698113207549	0.15467625899280577	0.10783561829781457	1.5289634458230144
11.793369534152616	0.1	0.06969125214408234	0.15467625899280577	0.10779582166171008	1.5289634458230144
11.803372392112033	0.1	0.0696655231560892	0.15467625899280577	0.1077560250256056	1.5289634458230144
11.81337525007145	0.1	0.06963979416809606	0.15467625899280577	0.1077162283895011	1.5289634458230144
11.823378108030866	0.1	0.06961406518010292	0.15467625899280577	0.10767643175339664	1.5289634458230144
11.833380965990283	0.1	0.06958833619210979	0.15714285714285714	0.1093530997304582	1.5289634458230144
11.8433838239497	0.1	0.06956260720411664	0.15714285714285714	0.10931266846361183	1.5289634458230144
11.853386681909118	0.1	0.0695368782161235	0.15714285714285714	0.10927223719676549	1.5289634458230144
11.863389539868535	0.1	0.06951114922813036	0.15714285714285714	0.10923180592991912	1.5289634458230144
11.873392397827951	0.1	0.06948542024013722	0.15714285714285714	0.10919137466307277	1.5289634458230144
11.883395255787368	0.1	0.06945969125214409	0.15714285714285714	0.10915094339622644	1.5289634458230144
11.893398113746786	0.1	0.06943396226415095	0.15467625899280577	0.10739785530066515	1.5289634458230144
11.903400971706203	0.1	0.0694082332761578	0.15467625899280577	0.10735805866456062	1.5289634458230144
11.913403829665619	0.1	0.06938250428816467	0.15467625899280577	0.10731826202845612	1.5289634458230144
11.923406687625036	0.1	0.06935677530017154	0.15467625899280577	0.10727846539235165	1.5289634458230144
11.933409545584453	0.1	0.06933104631217839	0.15467625899280577	0.10723866875624716	1.5289634458230144
11.94341240354387	0.1	0.06930531732418525	0.15467625899280577	0.10719887212014266	1.5289634458230144
11.953415261503288	0.1	0.0692795883361921	0.15467625899280577	0.10715907548403815	1.5289634458230144
11.963418119462704	0.1	0.06925385934819897	0.15467625899280577	0.10711927884793365	1.5289634458230144
11.973420977422121	0.1	0.06922813036020584	0.15467625899280577	0.10707948221182917	1.5289634458230144
11.983423835381538	0.1	0.0692024013722127	0.15467625899280577	0.10703968557572469	1.5289634458230144
11.993426693340956	0.1	0.06917667238421957	0.15467625899280577	0.1069998889396202	1.5289634458230144
12.003429551300373	0.1	0.06915094339622642	0.15467625899280577	0.1069600923035157	1.5289634458230144
12.013432409259789	0.1	0.06912521440823328	0.15467625899280577	0.10692029566741118	1.5289634458230144
12.023435267219206	0.1	0.06909948542024014	0.15467625899280577	0.1068804990313067	1.5289634458230144
12.033438125178623	0.1	0.069073756432247	0.15467625899280577	0.10684070239520217	1.5289634458230144
12.04344098313804	0.1	0.06904802744425387	0.15467625899280577	0.10680090575909772	1.5289634458230144
12.053443841097456	0.1	0.06902229845626072	0.15467625899280577	0.1067611091229932	1.5289634458230144
12.063446699056874	0.1	0.06899656946826759	0.15467625899280577	0.10672131248688871	1.5289634458230144
12.073449557016291	0.1	0.06897084048027444	0.15467625899280577	0.1066815158507842	1.5289634458230144
12.083452414975708	0.1	0.06894511149228132	0.15467625899280577	0.10664171921467973	1.5289634458230144
12.093455272935126	0.1	0.06891938250428817	0.15217391304347827	0.10487732120217765	1.5289634458230144
12.103458130894541	0.1	0.06889365351629503	0.15217391304347827	0.104838168394362	1.5289634458230144
12.113460988853959	0.1	0.0688679245283019	0.15217391304347827	0.10479901558654635	1.5289634458230144
12.123463846813376	0.1	0.06884219554030875	0.15413533834586465	0.10611015102077664	1.5289634458230144
12.133466704772793	0.1	0.06881646655231562	0.15413533834586465	0.10607049355808044	1.5289634458230144
12.14346956273221	0.1	0.06879073756432247	0.15413533834586465	0.10603083609538426	1.5289634458230144
12.153472420691626	0.1	0.06876500857632933	0.15413533834586465	0.10599117863268806	1.5289634458230144
12.163475278651044	0.1	0.06873927958833619	0.15413533834586465	0.10595152116999186	1.5289634458230144
12.173478136610461	0.1	0.06871355060034305	0.15413533834586465	0.10591186370729568	1.5289634458230144
12.183480994569878	0.1	0.06868782161234992	0.15671641791044777	0.10764509357159313	1.5289634458230144
12.193483852529294	0.1	0.06866209262435678	0.15671641791044777	0.1076047720232457	1.5289634458230144
12.203486710488711	0.1	0.06863636363636365	0.15671641791044777	0.10756445047489825	1.5289634458230144
12.213489568448129	0.1	0.0686106346483705	0.15671641791044777	0.10752412892655078	1.5289634458230144
12.223492426407546	0.1	0.06858490566037737	0.15671641791044777	0.10748380737820333	1.5289634458230144
12.233495284366963	0.1	0.06855917667238422	0.15671641791044777	0.10744348582985587	1.5289634458230144
12.243498142326379	0.1	0.06853344768439108	0.15671641791044777	0.10740316428150841	1.5289634458230144
12.253501000285796	0.1	0.06850771869639795	0.15671641791044777	0.10736284273316098	1.5289634458230144
12.263503858245214	0.1	0.0684819897084048	0.15671641791044777	0.10732252118481352	1.5289634458230144
12.273506716204631	0.1	0.06845626072041167	0.15671641791044777	0.10728219963646604	1.5289634458230144
12.283509574164048	0.1	0.06843053173241853	0.15671641791044777	0.1072418780881186	1.5289634458230144
12.293512432123464	0.1	0.0684048027444254	0.15671641791044777	0.10720155653977115	1.5289634458230144
12.303515290082881	0.1	0.06837907375643225	0.15671641791044777	0.10716123499142369	1.5289634458230144
12.313518148042299	0.1	0.06835334476843911	0.15671641791044777	0.10712091344307621	1.5289634458230144
12.323521006001716	0.1	0.06832761578044598	0.15671641791044777	0.10708059189472877	1.5289634458230144
12.333523863961133	0.1	0.06830188679245283	0.15671641791044777	0.10704027034638132	1.5289634458230144
12.343526721920549	0.1	0.0682761578044597	0.15671641791044777	0.10699994879803387	1.5289634458230144
12.353529579879966	0.1	0.06825042881646655	0.15925925925925927	0.10869512737437262	1.5289634458230144
12.363532437839384	0.1	0.06822469982847341	0.15925925925925927	0.10865415157867987	1.5289634458230144
12.373535295798801	0.1	0.06819897084048027	0.15925925925925927	0.10861317578298707	1.5289634458230144
12.383538153758217	0.1	0.06817324185248715	0.15671641791044777	0.10683866260464403	1.5289634458230144
12.393541011717634	0.1	0.068147512864494	0.15671641791044777	0.10679834105629654	1.5289634458230144
12.403543869677051	0.1	0.06812178387650086	0.15671641791044777	0.1067580195079491	1.5289634458230144
12.413546727636469	0.1	0.06809605488850773	0.15671641791044777	0.10671769795960165	1.5289634458230144
12.423549585595886	0.1	0.06807032590051458	0.15671641791044777	0.10667737641125419	1.5289634458230144
12.433552443555302	0.1	0.06804459691252145	0.15671641791044777	0.10663705486290673	1.5289634458230144
12.443555301514719	0.1	0.0680188679245283	0.15671641791044777	0.10659673331455928	1.5289634458230144
12.453558159474136	0.1	0.06799313893653516	0.15671641791044777	0.1065564117662118	1.5289634458230144
12.463561017433554	0.1	0.06796740994854203	0.15671641791044777	0.10651609021786439	1.5289634458230144
12.473563875392971	0.1	0.06794168096054888	0.15671641791044777	0.1064757686695169	1.5289634458230144
12.483566733352387	0.1	0.06791595197255576	0.15671641791044777	0.10643544712116947	1.5289634458230144
12.493569591311804	0.1	0.06789022298456261	0.15671641791044777	0.10639512557282199	1.5289634458230144
12.503572449271221	0.1	0.06786449399656948	0.15671641791044777	0.10635480402447459	1.5289634458230144
12.513575307230639	0.1	0.06783876500857633	0.15671641791044777	0.1063144824761271	1.5289634458230144
12.523578165190054	0.1	0.0678130360205832	0.15671641791044777	0.10627416092777964	1.5289634458230144
12.533581023149472	0.1	0.06778730703259006	0.15671641791044777	0.10623383937943219	1.5289634458230144
12.543583881108889	0.1	0.06776157804459691	0.15671641791044777	0.1061935178310847	1.5289634458230144
12.553586739068306	0.1	0.06773584905660378	0.15671641791044777	0.10615319628273726	1.5289634458230144
12.563589597027724	0.1	0.06771012006861063	0.15671641791044777	0.10611287473438978	1.5289634458230144
12.57359245498714	0.1	0.0676843910806175	0.15671641791044777	0.10607255318604232	1.5289634458230144
12.583595312946557	0.1	0.06765866209262436	0.15413533834586465	0.10428590773675184	1.5289634458230144
12.593598170905974	0.1	0.06763293310463123	0.15151515151515152	0.10247414106762306	1.5289634458230144
12.603601028865391	0.1	0.06760720411663809	0.15151515151515152	0.10243515775248194	1.5289634458230144
12.613603886824809	0.1	0.06758147512864494	0.15151515151515152	0.10239617443734082	1.5289634458230144
12.623606744784224	0.1	0.06755574614065181	0.15151515151515152	0.10235719112219971	1.5289634458230144
12.633609602743642	0.1	0.06753001715265866	0.15151515151515152	0.10231820780705858	1.5289634458230144
12.643612460703059	0.1	0.06750428816466553	0.15151515151515152	0.10227922449191747	1.5289634458230144
12.653615318662476	0.1	0.06747855917667238	0.15151515151515152	0.10224024117677634	1.5289634458230144
12.663618176621892	0.1	0.06745283018867924	0.15413533834586465	0.10396864803518228	1.5289634458230144
12.67362103458131	0.1	0.06742710120068611	0.15151515151515152	0.1021622745464941	1.5289634458230144
12.683623892540727	0.1	0.06740137221269298	0.15151515151515152	0.10212329123135298	1.5289634458230144
12.693626750500144	0.1	0.06737564322469984	0.15151515151515152	0.10208430791621187	1.5289634458230144
12.703629608459561	0.1	0.06734991423670669	0.14885496183206107	0.10025368913097558	1.5289634458230144
12.713632466418977	0.1	0.06732418524871356	0.14885496183206107	0.10021539025571866	1.5289634458230144
12.723635324378394	0.1	0.06729845626072041	0.15151515151515152	0.10196735797078851	1.5289634458230144
12.733638182337812	0.1	0.06727272727272728	0.15151515151515152	0.10192837465564737	1.5289634458230144
12.743641040297229	0.1	0.06724699828473414	0.15151515151515152	0.10188939134050629	1.5289634458230144
12.753643898256646	0.1	0.06722126929674099	0.14615384615384616	0.09824647051062145	1.5289634458230144
12.763646756216062	0.1	0.06719554030874786	0.14615384615384616	0.09820886660509301	1.5289634458230144
12.77364961417548	0.1	0.06716981132075471	0.14885496183206107	0.09998559700417685	1.5289634458230144
12.783652472134897	0.1	0.06714408233276159	0.14885496183206107	0.0999472981289199	1.5289634458230144
12.793655330094314	0.1	0.06711835334476844	0.14885496183206107	0.09990899925366295	1.5289634458230144
12.803658188053731	0.1	0.06709262435677531	0.14885496183206107	0.09987070037840601	1.5289634458230144
12.813661046013147	0.1	0.06706689536878217	0.14885496183206107	0.09983240150314907	1.5289634458230144
12.823663903972564	0.1	0.06704116638078902	0.15079365079365079	0.1010938223202374	1.5289634458230144
12.833666761931982	0.1	0.06701543739279589	0.15079365079365079	0.1010550246399303	1.5289634458230144
12.843669619891399	0.1	0.06698970840480274	0.15079365079365079	0.10101622695962319	1.5289634458230144
12.853672477850814	0.1	0.06696397941680961	0.15079365079365079	0.10097742927931609	1.5289634458230144
12.863675335810232	0.1	0.06693825042881646	0.148	0.09906861063464836	1.5289634458230144
12.87367819376965	0.1	0.06691252144082334	0.148	0.09903053173241855	1.5289634458230144
12.883681051729067	0.1	0.06688679245283019	0.148	0.09899245283018872	1.5289634458230144
12.893683909688484	0.1	0.06686106346483706	0.15	0.10029159519725557	1.5289634458230144
12.9036867676479	0.1	0.06683533447684392	0.15	0.10025300171526585	1.5289634458230144
12.913689625607317	0.1	0.06680960548885077	0.15	0.10021440823327617	1.5289634458230144
12.923692483566734	0.1	0.06678387650085764	0.15	0.10017581475128648	1.5289634458230144
12.933695341526152	0.1	0.06675814751286449	0.15	0.10013722126929675	1.5289634458230144
12.943698199485569	0.1	0.06673241852487136	0.15	0.10009862778730706	1.5289634458230144
12.953701057444984	0.1	0.06670668953687822	0.14705882352941177	0.09809807284835033	1.5289634458230144
12.963703915404402	0.1	0.06668096054888507	0.14705882352941177	0.09806023610130157	1.5289634458230144
12.97370677336382	0.1	0.06665523156089195	0.14705882352941177	0.09802239935425287	1.5289634458230144
12.983709631323237	0.1	0.0666295025728988	0.14705882352941177	0.09798456260720415	1.5289634458230144
12.993712489282652	0.1	0.06660377358490567	0.14705882352941177	0.0979467258601554	1.5289634458230144
13.00371534724207	0.1	0.06657804459691252	0.14705882352941177	0.09790888911310665	1.5289634458230144
13.013718205201487	0.1	0.06655231560891939	0.14705882352941177	0.09787105236605792	1.5289634458230144
13.023721063160904	0.1	0.06652658662092625	0.14705882352941177	0.09783321561900918	1.5289634458230144
13.033723921120322	0.1	0.0665008576329331	0.14705882352941177	0.09779537887196045	1.5289634458230144
13.043726779079737	0.1	0.06647512864493997	0.1440677966101695	0.09576925313254064	1.5289634458230144
13.053729637039154	0.1	0.06644939965694682	0.1440677966101695	0.09573218594644882	1.5289634458230144
13.063732494998572	0.1	0.06642367066895369	0.1440677966101695	0.09569511876035701	1.5289634458230144
13.07373535295799	0.1	0.06639794168096055	0.14705882352941177	0.09764403188376551	1.5289634458230144
13.083738210917407	0.1	0.06637221269296742	0.14705882352941177	0.09760619513671678	1.5289634458230144
13.093741068876822	0.1	0.06634648370497429	0.14912280701754385	0.09893773885829499	1.5289634458230144
13.10374392683624	0.1	0.06632075471698114	0.14912280701754385	0.0988993710691824	1.5289634458230144
13.113746784795657	0.1	0.066295025728988	0.14912280701754385	0.0988610032800698	1.5289634458230144
13.123749642755074	0.1	0.06626929674099485	0.14912280701754385	0.09882263549095724	1.5289634458230144
13.13375250071449	0.1	0.06624356775300172	0.14912280701754385	0.09878426770184467	1.5289634458230144
13.143755358673907	0.1	0.06621783876500857	0.14912280701754385	0.09874589991273208	1.5289634458230144
13.153758216633324	0.1	0.06619210977701544	0.14912280701754385	0.0987075321236195	1.5289634458230144
13.163761074592742	0.1	0.0661663807890223	0.14601769911504425	0.09661462681582901	1.5289634458230144
13.17376393255216	0.1	0.06614065180102917	0.14601769911504425	0.09657705793955587	1.5289634458230144
13.183766790511575	0.1	0.06611492281303603	0.14601769911504425	0.09653948906328272	1.5289634458230144
13.193769648470992	0.1	0.06608919382504289	0.14601769911504425	0.09650192018700952	1.5289634458230144
13.20377250643041	0.1	0.06606346483704975	0.14601769911504425	0.09646435131073636	1.5289634458230144
13.213775364389827	0.1	0.0660377358490566	0.14601769911504425	0.09642678243446318	1.5289634458230144
13.223778222349244	0.1	0.06601200686106347	0.14601769911504425	0.09638921355819	1.5289634458230144
13.23378108030866	0.1	0.06598627787307033	0.14601769911504425	0.09635164468191686	1.5289634458230144
13.243783938268077	0.1	0.06596054888507719	0.14601769911504425	0.09631407580564368	1.5289634458230144
13.253786796227494	0.1	0.06593481989708405	0.14601769911504425	0.09627650692937052	1.5289634458230144
13.263789654186912	0.1	0.0659090909090909	0.14601769911504425	0.09623893805309734	1.5289634458230144
13.273792512146327	0.1	0.06588336192109778	0.14601769911504425	0.09620136917682418	1.5289634458230144
13.283795370105745	0.1	0.06585763293310463	0.14601769911504425	0.09616380030055101	1.5289634458230144
13.293798228065162	0.1	0.0658319039451115	0.14601769911504425	0.09612623142427786	1.5289634458230144
13.30380108602458	0.1	0.06580617495711837	0.14601769911504425	0.09608866254800469	1.5289634458230144
13.313803943983997	0.1	0.06578044596912522	0.14601769911504425	0.09605109367173154	1.5289634458230144
13.323806801943412	0.1	0.06575471698113208	0.14601769911504425	0.09601352479545835	1.5289634458230144
13.33380965990283	0.1	0.06572898799313893	0.14601769911504425	0.09597595591918517	1.5289634458230144
13.343812517862247	0.1	0.0657032590051458	0.14601769911504425	0.095938387042912	1.5289634458230144
13.353815375821664	0.1	0.06567753001715265	0.14601769911504425	0.09590081816663884	1.5289634458230144
13.363818233781082	0.1	0.06565180102915952	0.14814814814814814	0.0972619274506067	1.5289634458230144
13.373821091740497	0.1	0.06562607204116638	0.14814814814814814	0.09722381043135761	1.5289634458230144
13.383823949699915	0.1	0.06560034305317325	0.15137614678899083	0.09930327159425308	1.5289634458230144
13.393826807659332	0.1	0.06557461406518011	0.15137614678899083	0.09926432404362126	1.5289634458230144
13.40382966561875	0.1	0.06554888507718697	0.15137614678899083	0.09922537649298943	1.5289634458230144
13.413832523578167	0.1	0.06552315608919383	0.15137614678899083	0.09918642894235766	1.5289634458230144
13.423835381537582	0.1	0.06549742710120068	0.15137614678899083	0.09914748139172581	1.5289634458230144
13.433838239497	0.1	0.06547169811320755	0.15137614678899083	0.09910853384109401	1.5289634458230144
13.443841097456417	0.1	0.06544596912521441	0.15137614678899083	0.0990695862904622	1.5289634458230144
13.453843955415834	0.1	0.06542024013722127	0.15137614678899083	0.09903063873983037	1.5289634458230144
13.46384681337525	0.1	0.06539451114922813	0.15137614678899083	0.09899169118919854	1.5289634458230144
13.473849671334667	0.1	0.065368782161235	0.15137614678899083	0.09895274363856674	1.5289634458230144
13.483852529294085	0.1	0.06534305317324186	0.15137614678899083	0.09891379608793492	1.5289634458230144
13.493855387253502	0.1	0.06531732418524872	0.15137614678899083	0.0988748485373031	1.5289634458230144
13.50385824521292	0.1	0.06529159519725558	0.15137614678899083	0.0988359009866713	1.5289634458230144
13.513861103172335	0.1	0.06526586620926245	0.15137614678899083	0.09879695343603949	1.5289634458230144
13.523863961131752	0.1	0.0652401372212693	0.15137614678899083	0.09875800588540766	1.5289634458230144
13.53386681909117	0.1	0.06521440823327616	0.15137614678899083	0.09871905833477583	1.5289634458230144
13.543869677050587	0.1	0.06518867924528302	0.15137614678899083	0.09868011078414402	1.5289634458230144
13.553872535010004	0.1	0.06516295025728988	0.15137614678899083	0.09864116323351221	1.5289634458230144
13.56387539296942	0.1	0.06513722126929675	0.15137614678899083	0.09860221568288038	1.5289634458230144
13.573878250928837	0.1	0.06511149228130361	0.15137614678899083	0.0985632681322486	1.5289634458230144
13.583881108888255	0.1	0.06508576329331048	0.15137614678899083	0.09852432058161677	1.5289634458230144
13.593883966847672	0.1	0.06506003430531733	0.15137614678899083	0.09848537303098492	1.5289634458230144
13.603886824807088	0.1	0.0650343053173242	0.15137614678899083	0.09844642548035312	1.5289634458230144
13.613889682766505	0.1	0.06500857632933105	0.15137614678899083	0.09840747792972131	1.5289634458230144
13.623892540725922	0.1	0.06498284734133791	0.14814814814814814	0.09627088495013024	1.5289634458230144
13.63389539868534	0.1	0.06495711835334476	0.14814814814814814	0.09623276793088112	1.5289634458230144
13.643898256644757	0.1	0.06493138936535163	0.14814814814814814	0.09619465091163205	1.5289634458230144
13.653901114604173	0.1	0.0649056603773585	0.15048543689320387	0.09767356658728706	1.5289634458230144
13.66390397256359	0.1	0.06487993138936535	0.15384615384615385	0.09981527906056206	1.5289634458230144
13.673906830523007	0.1	0.06485420240137223	0.15384615384615385	0.09977569600211111	1.5289634458230144
13.683909688482425	0.1	0.06482847341337908	0.15384615384615385	0.09973611294366012	1.5289634458230144
13.693912546441842	0.1	0.06480274442538594	0.15384615384615385	0.09969652988520915	1.5289634458230144
13.703915404401258	0.1	0.0647770154373928	0.15384615384615385	0.09965694682675814	1.5289634458230144
13.713918262360675	0.1	0.06475128644939966	0.15384615384615385	0.0996173637683072	1.5289634458230144
13.723921120320092	0.1	0.06472555746140653	0.15714285714285714	0.10171159029649597	1.5289634458230144
13.73392397827951	0.1	0.06469982847341338	0.15714285714285714	0.1016711590296496	1.5289634458230144
13.743926836238925	0.1	0.06467409948542024	0.15384615384615385	0.09949861459295421	1.5289634458230144
13.753929694198343	0.1	0.0646483704974271	0.15384615384615385	0.09945903153450324	1.5289634458230144
13.76393255215776	0.1	0.06462264150943396	0.15384615384615385	0.09941944847605226	1.5289634458230144
13.773935410117177	0.1	0.06459691252144083	0.15384615384615385	0.09937986541760128	1.5289634458230144
13.783938268076595	0.1	0.06457118353344769	0.15384615384615385	0.0993402823591503	1.5289634458230144
13.79394112603601	0.1	0.06454545454545456	0.15384615384615385	0.09930069930069933	1.5289634458230144
13.803943983995428	0.1	0.06451972555746141	0.15384615384615385	0.09926111624224833	1.5289634458230144
13.813946841954845	0.1	0.06449399656946828	0.15384615384615385	0.09922153318379734	1.5289634458230144
13.823949699914262	0.1	0.06446826758147513	0.15384615384615385	0.09918195012534635	1.3157506975244808
13.83395255787368	0.1	0.064442538593482	0.15656565656565657	0.10089488365646168	1.3157506975244808
13.843955415833095	0.1	0.06441680960548885	0.15656565656565657	0.10085460089748251	1.3157506975244808
13.853958273792513	0.1	0.06439108061749571	0.15306122448979592	0.09855777645535058	1.3157506975244808
13.86396113175193	0.1	0.06436535162950258	0.15306122448979592	0.09851839535127944	1.3157506975244808
13.873963989711347	0.1	0.06433962264150944	0.14948453608247422	0.09617778642287492	1.3157506975244808
13.883966847670765	0.1	0.06431389365351631	0.14948453608247422	0.09613932556453471	1.3157506975244808
13.89396970563018	0.1	0.06428816466552316	0.14948453608247422	0.0961008647061944	1.3157506975244808
13.903972563589598	0.1	0.06426243567753002	0.14948453608247422	0.09606240384785417	1.3157506975244808
13.913975421549015	0.1	0.06423670668953688	0.14948453608247422	0.09602394298951389	1.3157506975244808
13.923978279508432	0.1	0.06421097770154374	0.14948453608247422	0.09598548213117358	1.3157506975244808
13.933981137467848	0.1	0.06418524871355061	0.14948453608247422	0.09594702127283335	1.3157506975244808
13.943983995427265	0.1	0.06415951972555746	0.14583333333333334	0.09356596626643794	1.3157506975244808
13.953986853386683	0.1	0.06413379073756433	0.14583333333333334	0.09352844482561463	1.3157506975244808
13.9639897113461	0.1	0.06410806174957118	0.14583333333333334	0.09349092338479131	1.3157506975244808
13.973992569305517	0.1	0.06408233276157806	0.14583333333333334	0.09345340194396799	1.3157506975244808
13.983995427264933	0.1	0.06405660377358491	0.14583333333333334	0.09341588050314467	1.3157506975244808
13.99399828522435	0.1	0.06403087478559177	0.14583333333333334	0.09337835906232132	1.3157506975244808
14.004001143183768	0.1	0.06400514579759864	0.14583333333333334	0.09334083762149804	1.3157506975244808
14.014004001143185	0.1	0.06397941680960549	0.14835164835164835	0.09491451944282132	1.3157506975244808
14.024006859102602	0.1	0.06395368782161236	0.14835164835164835	0.0948763500650293	1.3157506975244808
14.034009717062018	0.1	0.06392795883361921	0.14835164835164835	0.09483818068723729	1.3157506975244808
14.044012575021435	0.1	0.06390222984562607	0.14444444444444443	0.09230322088812656	1.3157506975244808
14.054015432980853	0.1	0.06387650085763294	0.14444444444444443	0.09226605679435869	1.3157506975244808
14.06401829094027	0.1	0.06385077186963979	0.14444444444444443	0.09222889270059079	1.3157506975244808
14.074021148899686	0.1	0.06382504288164667	0.14444444444444443	0.09219172860682297	1.3157506975244808
14.084024006859103	0.1	0.06379931389365352	0.14444444444444443	0.09215456451305509	1.3157506975244808
14.09402686481852	0.1	0.06377358490566039	0.14444444444444443	0.09211740041928722	1.3157506975244808
14.104029722777938	0.1	0.06374785591766724	0.14444444444444443	0.09208023632551934	1.3157506975244808
14.114032580737355	0.1	0.0637221269296741	0.14444444444444443	0.09204307223175148	1.3157506975244808
14.12403543869677	0.1	0.06369639794168096	0.14444444444444443	0.09200590813798362	1.3157506975244808
14.134038296656188	0.1	0.06367066895368782	0.14444444444444443	0.09196874404421575	1.3157506975244808
14.144041154615605	0.1	0.06364493996569469	0.14444444444444443	0.09193157995044787	1.3157506975244808
14.154044012575023	0.1	0.06361921097770154	0.14705882352941177	0.09355766320250226	1.3157506975244808
14.16404687053444	0.1	0.0635934819897084	0.14705882352941177	0.09351982645545352	1.3157506975244808
14.174049728493856	0.1	0.06356775300171527	0.14705882352941177	0.09348198970840481	1.3157506975244808
14.184052586453273	0.1	0.06354202401372214	0.14705882352941177	0.09344415296135607	1.3157506975244808
14.19405544441269	0.1	0.06351629502572899	0.14705882352941177	0.09340631621430733	1.3157506975244808
14.204058302372108	0.1	0.06349056603773585	0.14705882352941177	0.09336847946725861	1.3157506975244808
14.214061160331523	0.1	0.06346483704974272	0.14705882352941177	0.09333064272020987	1.3157506975244808
14.22406401829094	0.1	0.06343910806174957	0.14705882352941177	0.09329280597316114	1.3157506975244808
14.234066876250358	0.1	0.06341337907375644	0.14705882352941177	0.0932549692261124	1.3157506975244808
14.244069734209775	0.1	0.06338765008576329	0.14705882352941177	0.09321713247906367	1.3157506975244808
14.254072592169193	0.1	0.06336192109777015	0.14705882352941177	0.09317929573201493	1.3157506975244808
14.264075450128608	0.1	0.06333619210977702	0.14705882352941177	0.09314145898496622	1.3157506975244808
14.274078308088026	0.1	0.06331046312178389	0.14705882352941177	0.0931036222379175	1.3157506975244808
14.284081166047443	0.1	0.06328473413379075	0.14705882352941177	0.09306578549086876	1.3157506975244808
14.29408402400686	0.1	0.0632590051457976	0.14285714285714285	0.09037000735113943	1.3157506975244808
14.304086881966278	0.1	0.06323327615780447	0.14285714285714285	0.0903332516540064	1.3157506975244808
14.314089739925693	0.1	0.06320754716981132	0.14285714285714285	0.09029649595687332	1.3157506975244808
14.32409259788511	0.1	0.06318181818181819	0.14285714285714285	0.09025974025974028	1.3157506975244808
14.334095455844528	0.1	0.06315608919382504	0.14285714285714285	0.0902229845626072	1.3157506975244808
14.344098313803945	0.1	0.0631303602058319	0.14285714285714285	0.09018622886547416	1.3157506975244808
14.354101171763363	0.1	0.06310463121783877	0.14285714285714285	0.09014947316834108	1.3157506975244808
14.364104029722778	0.1	0.06307890222984562	0.14285714285714285	0.09011271747120804	1.3157506975244808
14.374106887682196	0.1	0.0630531732418525	0.14556962025316456	0.09178626484573464	1.3157506975244808
14.384109745641613	0.1	0.06302744425385935	0.14556962025316456	0.09174881125561803	1.3157506975244808
14.39411260360103	0.1	0.06300171526586622	0.14556962025316456	0.09171135766550147	1.3157506975244808
14.404115461560446	0.1	0.06297598627787307	0.14556962025316456	0.09167390407538485	1.3157506975244808
14.414118319519863	0.1	0.06295025728987994	0.14556962025316456	0.09163645048526824	1.3157506975244808
14.42412117747928	0.1	0.0629245283018868	0.14556962025316456	0.09159899689515164	1.3157506975244808
14.434124035438698	0.1	0.06289879931389365	0.14556962025316456	0.09156154330503503	1.3157506975244808
14.444126893398115	0.1	0.06287307032590052	0.14556962025316456	0.09152408971491845	1.3157506975244808
14.45412975135753	0.1	0.06284734133790737	0.14556962025316456	0.09148663612480187	1.3157506975244808
14.464132609316948	0.1	0.06282161234991424	0.14556962025316456	0.09144918253468526	1.3157506975244808
14.474135467276366	0.1	0.0627958833619211	0.15	0.09419382504288164	1.3157506975244808
14.484138325235783	0.1	0.06277015437392797	0.15	0.09415523156089195	1.3157506975244808
14.4941411831952	0.1	0.06274442538593483	0.15	0.09411663807890225	1.3157506975244808
14.504144041154616	0.1	0.06271869639794168	0.15	0.09407804459691253	1.3157506975244808
14.514146899114033	0.1	0.06269296740994855	0.15	0.09403945111492283	1.3157506975244808
14.52414975707345	0.1	0.0626672384219554	0.15	0.0940008576329331	1.3157506975244808
14.534152615032868	0.1	0.06264150943396227	0.15	0.0939622641509434	1.3157506975244808
14.544155472992284	0.1	0.06261578044596913	0.15	0.0939236706689537	1.3157506975244808
14.5541583309517	0.1	0.06259005145797598	0.15	0.09388507718696398	1.3157506975244808
14.564161188911118	0.1	0.06256432246998286	0.15	0.0938464837049743	1.3157506975244808
14.574164046870536	0.1	0.06253859348198972	0.15	0.09380789022298458	1.3157506975244808
14.584166904829953	0.1	0.06251286449399658	0.15432098765432098	0.09647046989814288	1.3157506975244808
14.594169762789369	0.1	0.06248713550600344	0.15432098765432098	0.09643076466975839	1.3157506975244808
14.604172620748786	0.1	0.0624614065180103	0.15432098765432098	0.09639105944137392	1.3157506975244808
14.614175478708203	0.1	0.06243567753001716	0.15432098765432098	0.09635135421298945	1.3157506975244808
14.62417833666762	0.1	0.062409948542024016	0.15432098765432098	0.09631164898460495	1.3157506975244808
14.634181194627038	0.1	0.062384219554030874	0.15432098765432098	0.09627194375622047	1.3157506975244808
14.644184052586454	0.1	0.06235849056603773	0.15432098765432098	0.09623223852783602	1.3157506975244808
14.65418691054587	0.1	0.0623327615780446	0.15432098765432098	0.09619253329945154	1.3157506975244808
14.664189768505288	0.1	0.062307032590051464	0.15432098765432098	0.09615282807106708	1.3157506975244808
14.674192626464706	0.1	0.06228130360205833	0.15432098765432098	0.0961131228426826	1.3157506975244808
14.684195484424121	0.1	0.06225557461406519	0.15432098765432098	0.09607341761429815	1.3157506975244808
14.694198342383539	0.1	0.06222984562607205	0.15432098765432098	0.09603371238591364	1.3157506975244808
14.704201200342956	0.1	0.062204116638078906	0.15432098765432098	0.0959940071575292	1.3157506975244808
14.714204058302373	0.1	0.062178387650085765	0.15432098765432098	0.0959543019291447	1.3157506975244808
14.72420691626179	0.1	0.06215265866209263	0.15432098765432098	0.09591459670076025	1.3157506975244808
14.734209774221206	0.1	0.06212692967409949	0.15432098765432098	0.09587489147237575	1.3157506975244808
14.744212632180624	0.1	0.06210120068610635	0.15853658536585366	0.09845312303894908	1.3157506975244808
14.75421549014004	0.1	0.062075471698113206	0.15853658536585366	0.0984123331799356	1.3157506975244808
14.764218348099458	0.1	0.06204974271012008	0.15853658536585366	0.09837154332092206	1.3157506975244808
14.774221206058876	0.1	0.06202401372212694	0.15853658536585366	0.09833075346190853	1.3157506975244808
14.784224064018291	0.1	0.061998284734133796	0.15853658536585366	0.09828996360289505	1.3157506975244808
14.794226921977708	0.1	0.061972555746140655	0.15853658536585366	0.09824917374388153	1.3157506975244808
14.804229779937126	0.1	0.06194682675814752	0.15853658536585366	0.09820838388486802	1.3157506975244808
14.814232637896543	0.1	0.06192109777015438	0.15853658536585366	0.0981675940258545	1.3157506975244808
14.824235495855959	0.1	0.06189536878216124	0.15853658536585366	0.09812680416684097	1.3157506975244808
14.834238353815376	0.1	0.061869639794168096	0.15853658536585366	0.09808601430782747	1.3157506975244808
14.844241211774793	0.1	0.061843910806174955	0.15853658536585366	0.09804522444881396	1.3157506975244808
14.85424406973421	0.1	0.06181818181818182	0.15853658536585366	0.09800443458980042	1.3157506975244808
14.864246927693628	0.1	0.061792452830188686	0.15853658536585366	0.09796364473078695	1.3157506975244808
14.874249785653044	0.1	0.061766723842195545	0.15853658536585366	0.0979228548717734	1.3157506975244808
14.884252643612461	0.1	0.06174099485420241	0.15853658536585366	0.09788206501275992	1.3157506975244808
14.894255501571878	0.1	0.06171526586620927	0.15853658536585366	0.09784127515374638	1.3157506975244808
14.904258359531296	0.1	0.06168953687821613	0.15853658536585366	0.09780048529473287	1.3157506975244808
14.914261217490713	0.1	0.06166380789022299	0.15853658536585366	0.09775969543571938	1.3157506975244808
14.924264075450129	0.1	0.061638078902229845	0.16265060240963855	0.10025470664820518	1.3157506975244808
14.934266933409546	0.1	0.06161234991423671	0.16265060240963855	0.10021285829424041	1.3157506975244808
14.944269791368963	0.1	0.06158662092624357	0.16265060240963855	0.10017100994027568	1.3157506975244808
14.95427264932838	0.1	0.06156089193825043	0.15853658536585366	0.09759653599966531	1.3157506975244808
14.964275507287798	0.1	0.0615351629502573	0.15853658536585366	0.09755574614065184	1.3157506975244808
14.974278365247214	0.1	0.06150943396226416	0.15853658536585366	0.09751495628163831	1.3157506975244808
14.984281223206631	0.1	0.06148370497427102	0.15853658536585366	0.09747416642262476	1.3157506975244808
14.994284081166048	0.1	0.06145797598627788	0.15853658536585366	0.09743337656361127	1.3157506975244808
15.004286939125466	0.1	0.06143224699828474	0.15853658536585366	0.09739258670459774	1.3157506975244808
15.014289797084881	0.1	0.0614065180102916	0.15853658536585366	0.09735179684558423	1.3157506975244808
15.024292655044299	0.1	0.06138078902229846	0.15853658536585366	0.09731100698657075	1.3157506975244808
15.034295513003716	0.1	0.06135506003430532	0.15853658536585366	0.09727021712755721	1.3157506975244808
15.044298370963133	0.1	0.06132933104631218	0.15853658536585366	0.0972294272685437	1.3157506975244808
15.05430122892255	0.1	0.061303602058319036	0.15853658536585366	0.09718863740953017	1.3157506975244808
15.064304086881966	0.1	0.06127787307032591	0.15853658536585366	0.0971478475505167	1.3157506975244808
15.074306944841384	0.1	0.06125214408233277	0.15853658536585366	0.09710705769150317	1.3157506975244808
15.084309802800801	0.1	0.06122641509433963	0.15853658536585366	0.09706626783248966	1.3157506975244808
15.094312660760218	0.1	0.06120068610634649	0.15853658536585366	0.09702547797347616	1.3157506975244808
15.104315518719636	0.1	0.06117495711835335	0.15853658536585366	0.09698468811446263	1.3157506975244808
15.114318376679051	0.1	0.06114922813036021	0.15432098765432098	0.09436609279376575	1.3157506975244808
15.124321234638469	0.1	0.06112349914236707	0.15432098765432098	0.09432638756538128	1.3157506975244808
15.134324092597886	0.1	0.061097770154373926	0.15432098765432098	0.09428668233699679	1.3157506975244808
15.144326950557303	0.1	0.06107204116638079	0.15432098765432098	0.09424697710861234	1.3157506975244808
15.154329808516719	0.1	0.06104631217838765	0.15432098765432098	0.09420727188022784	1.3157506975244808
15.164332666476136	0.1	0.06102058319039452	0.15432098765432098	0.0941675666518434	1.3157506975244808
15.174335524435554	0.1	0.06099485420240138	0.15432098765432098	0.09412786142345891	1.3157506975244808
15.184338382394971	0.1	0.06096912521440824	0.15432098765432098	0.09408815619507445	1.3157506975244808
15.194341240354388	0.1	0.0609433962264151	0.15432098765432098	0.09404845096668996	1.3157506975244808
15.204344098313804	0.1	0.06091766723842196	0.15432098765432098	0.0940087457383055	1.3157506975244808
15.214346956273221	0.1	0.06089193825042882	0.15432098765432098	0.09396904050992103	1.3157506975244808
15.224349814232639	0.1	0.06086620926243568	0.15432098765432098	0.09392933528153656	1.3157506975244808
15.234352672192056	0.1	0.06084048027444254	0.15432098765432098	0.09388963005315208	1.3157506975244808
15.244355530151473	0.1	0.0608147512864494	0.15432098765432098	0.0938499248247676	1.3157506975244808
15.254358388110889	0.1	0.06078902229845626	0.15432098765432098	0.09381021959638312	1.3157506975244808
15.264361246070306	0.1	0.06076329331046313	0.15	0.0911449399656947	1.3157506975244808
15.274364104029724	0.1	0.06073756432246999	0.15	0.091106346483705	1.3157506975244808
15.284366961989141	0.1	0.06071183533447685	0.15	0.09106775300171527	1.3157506975244808
15.294369819948557	0.1	0.06068610634648371	0.15	0.09102915951972557	1.3157506975244808
15.304372677907974	0.1	0.06066037735849057	0.15	0.09099056603773586	1.3157506975244808
15.314375535867391	0.1	0.06063464837049743	0.15	0.09095197255574615	1.3157506975244808
15.324378393826809	0.1	0.06060891938250429	0.15	0.09091337907375645	1.3157506975244808
15.334381251786226	0.1	0.06058319039451115	0.15	0.09087478559176673	1.3157506975244808
15.344384109745642	0.1	0.060557461406518014	0.15	0.09083619210977702	1.3157506975244808
15.354386967705059	0.1	0.06053173241852487	0.15	0.0907975986277873	1.3157506975244808
15.364389825664476	0.1	0.06050600343053174	0.15	0.09075900514579759	1.3157506975244808
15.374392683623894	0.1	0.060480274442538604	0.15	0.09072041166380791	1.3157506975244808
15.384395541583311	0.1	0.06045454545454546	0.15	0.09068181818181818	1.3157506975244808
15.394398399542727	0.1	0.06042881646655232	0.15	0.09064322469982848	1.3157506975244808
15.404401257502144	0.1	0.06040308747855918	0.15	0.09060463121783877	1.3157506975244808
15.414404115461561	0.1	0.06037735849056604	0.15	0.09056603773584905	1.3157506975244808
15.424406973420979	0.1	0.060351629502572904	0.15	0.09052744425385935	1.3157506975244808
15.434409831380396	0.1	0.06032590051457976	0.15	0.09048885077186965	1.3157506975244808
15.444412689339812	0.1	0.06030017152658662	0.15	0.09045025728987995	1.3157506975244808
15.454415547299229	0.1	0.06027444253859348	0.15	0.0904116638078902	1.3157506975244808
15.464418405258646	0.1	0.06024871355060035	0.15	0.09037307032590051	1.3157506975244808
15.474421263218064	0.1	0.06022298456260721	0.15	0.0903344768439108	1.3157506975244808
15.48442412117748	0.1	0.06019725557461407	0.15	0.0902958833619211	1.3157506975244808
15.494426979136897	0.1	0.060171526586620935	0.15	0.0902572898799314	1.3157506975244808
15.504429837096314	0.1	0.060145797598627794	0.15	0.0902186963979417	1.3157506975244808
15.514432695055731	0.1	0.06012006861063465	0.15	0.09018010291595199	1.3157506975244808
15.524435553015149	0.1	0.06009433962264151	0.15	0.09014150943396226	1.3157506975244808
15.534438410974564	0.1	0.06006861063464837	0.15	0.09010291595197255	1.3157506975244808
15.544441268933982	0.1	0.06004288164665523	0.15	0.09006432246998285	1.3157506975244808
15.554444126893399	0.1	0.060017152658662094	0.15	0.09002572898799314	1.3157506975244808
15.564446984852816	0.1	0.05999142367066896	0.15	0.08998713550600344	1.3157506975244808
15.574449842812234	0.1	0.059965694682675826	0.15	0.08994854202401373	1.3157506975244808
15.58445270077165	0.1	0.059939965694682684	0.15	0.08990994854202403	1.3157506975244808
15.594455558731067	0.1	0.05991423670668954	0.15	0.08987135506003431	1.3157506975244808
15.604458416690484	0.1	0.0598885077186964	0.14556962025316456	0.0871794732613935	1.3157506975244808
15.614461274649901	0.1	0.05986277873070326	0.14556962025316456	0.08714201967127692	1.3157506975244808
15.624464132609317	0.1	0.05983704974271012	0.14556962025316456	0.08710456608116028	1.3157506975244808
15.634466990568734	0.1	0.059811320754716985	0.14556962025316456	0.0870671124910437	1.3157506975244808
15.644469848528152	0.1	0.05978559176672384	0.14556962025316456	0.08702965890092708	1.3157506975244808
15.654472706487569	0.1	0.0597598627787307	0.14556962025316456	0.08699220531081048	1.3157506975244808
15.664475564446986	0.1	0.059734133790737574	0.14556962025316456	0.08695475172069393	1.3157506975244808
15.674478422406402	0.1	0.05970840480274443	0.14556962025316456	0.08691729813057736	1.3157506975244808
15.68448128036582	0.1	0.05968267581475129	0.14556962025316456	0.08687984454046073	1.3157506975244808
15.694484138325237	0.1	0.05965694682675815	0.14556962025316456	0.08684239095034413	1.3157506975244808
15.704486996284654	0.1	0.059631217838765016	0.14556962025316456	0.08680493736022753	1.3157506975244808
15.714489854244071	0.1	0.059605488850771875	0.14556962025316456	0.08676748377011094	1.3157506975244808
15.724492712203487	0.1	0.05957975986277873	0.14556962025316456	0.08673003017999438	1.3157506975244808
15.734495570162904	0.1	0.05955403087478559	0.14556962025316456	0.08669257658987778	1.3157506975244808
15.744498428122322	0.1	0.05952830188679245	0.14556962025316456	0.08665512299976114	1.3157506975244808
15.754501286081739	0.1	0.059502572898799316	0.14556962025316456	0.08661766940964458	1.3157506975244808
15.764504144041155	0.1	0.05947684391080618	0.14556962025316456	0.08658021581952798	1.3157506975244808
15.774507002000572	0.1	0.05945111492281304	0.14556962025316456	0.08654276222941137	1.3157506975244808
15.78450985995999	0.1	0.059425385934819906	0.14556962025316456	0.08650530863929477	1.3157506975244808
15.794512717919407	0.1	0.059399656946826765	0.14556962025316456	0.08646785504917823	1.3157506975244808
15.804515575878824	0.1	0.059373927958833624	0.14556962025316456	0.08643040145906157	1.3157506975244808
15.81451843383824	0.1	0.05934819897084048	0.14556962025316456	0.08639294786894502	1.3157506975244808
15.824521291797657	0.1	0.05932246998284734	0.14556962025316456	0.0863554942788284	1.3157506975244808
15.834524149757074	0.1	0.059296740994854207	0.14102564102564102	0.08362360909530721	1.3157506975244808
15.844527007716492	0.1	0.059271012006861065	0.14102564102564102	0.08358732462506047	1.3157506975244808
15.854529865675909	0.1	0.059245283018867924	0.14102564102564102	0.08355104015481375	1.3157506975244808
15.864532723635325	0.1	0.059219554030874796	0.14102564102564102	0.08351475568456705	1.3157506975244808
15.874535581594742	0.1	0.059193825042881655	0.14102564102564102	0.08347847121432031	1.3157506975244808
15.88453843955416	0.1	0.059168096054888514	0.14102564102564102	0.08344218674407355	1.3157506975244808
15.894541297513577	0.1	0.05914236706689537	0.14102564102564102	0.08340590227382677	1.3157506975244808
15.904544155472994	0.1	0.05911663807890223	0.14102564102564102	0.08336961780358006	1.3157506975244808
15.91454701343241	0.1	0.0590909090909091	0.14102564102564102	0.08333333333333338	1.3157506975244808
15.924549871391827	0.1	0.059065180102915955	0.14102564102564102	0.08329704886308661	1.3157506975244808
15.934552729351244	0.1	0.059039451114922814	0.14102564102564102	0.08326076439283987	1.3157506975244808
15.944555587310662	0.1	0.05901372212692967	0.14102564102564102	0.08322447992259312	1.3157506975244808
15.954558445270077	0.1	0.05898799313893653	0.14102564102564102	0.0831881954523464	1.3157506975244808
15.964561303229495	0.1	0.058962264150943404	0.14102564102564102	0.08315191098209966	1.3157506975244808
15.974564161188912	0.1	0.05893653516295026	0.14102564102564102	0.0831156265118529	2.6540184249108503
15.98456701914833	0.1	0.05891080617495713	0.14102564102564102	0.0830793420416062	2.6540184249108503
15.994569877107747	0.1	0.05888507718696399	0.14102564102564102	0.08304305757135946	2.6540184249108503
16.004572735067164	0.1	0.058859348198970846	0.14102564102564102	0.0830067731011127	2.6540184249108503
16.01457559302658	0.1	0.058833619210977704	0.14102564102564102	0.082970488630866	2.6540184249108503
16.024578450985995	0.1	0.05880789022298456	0.14102564102564102	0.08293420416061928	2.6540184249108503
16.034581308945413	0.1	0.05878216123499142	0.14102564102564102	0.08289791969037248	2.6540184249108503
16.04458416690483	0.1	0.05875643224699829	0.14102564102564102	0.08286163522012578	2.6540184249108503
16.054587024864247	0.1	0.058730703259005146	0.14102564102564102	0.08282535074987905	2.6540184249108503
16.064589882823665	0.1	0.058704974271012005	0.14102564102564102	0.08278906627963231	2.6540184249108503
16.074592740783082	0.1	0.05867924528301886	0.14102564102564102	0.08275278180938557	2.6540184249108503
16.0845955987425	0.1	0.058653516295025736	0.14102564102564102	0.08271649733913886	2.6540184249108503
16.094598456701917	0.1	0.058627787307032594	0.14102564102564102	0.08268021286889213	2.6540184249108503
16.104601314661334	0.1	0.05860205831903945	0.14102564102564102	0.0826439283986454	2.6540184249108503
16.11460417262075	0.1	0.05857632933104631	0.14102564102564102	0.08260764392839867	2.6540184249108503
16.124607030580165	0.1	0.05855060034305318	0.14102564102564102	0.0825713594581519	2.6540184249108503
16.134609888539583	0.1	0.058524871355060036	0.14102564102564102	0.08253507498790515	2.6540184249108503
16.144612746499	0.1	0.058499142367066895	0.14102564102564102	0.08249879051765843	2.6540184249108503
16.154615604458417	0.1	0.05847341337907375	0.13855421686746988	0.08101737998305403	2.6540184249108503
16.164618462417835	0.1	0.05844768439108061	0.13855421686746988	0.08098173138523217	2.6540184249108503
16.174621320377252	0.1	0.05842195540308748	0.13855421686746988	0.08094608278741035	2.6540184249108503
16.18462417833667	0.1	0.05839622641509434	0.13855421686746988	0.08091043418958854	2.6540184249108503
16.194627036296087	0.1	0.05837049742710121	0.13855421686746988	0.08087478559176671	2.6540184249108503
16.204629894255504	0.1	0.05834476843910807	0.13855421686746988	0.0808391369939449	2.6540184249108503
16.214632752214918	0.1	0.058319039451114926	0.13855421686746988	0.08080348839612309	2.6540184249108503
16.224635610174335	0.1	0.058293310463121785	0.13855421686746988	0.08076783979830125	2.6540184249108503
16.234638468133753	0.1	0.058267581475128644	0.13855421686746988	0.08073219120047949	2.6540184249108503
16.24464132609317	0.1	0.05824185248713551	0.13855421686746988	0.0806965426026576	2.6540184249108503
16.254644184052587	0.1	0.05821612349914237	0.13855421686746988	0.08066089400483581	2.6540184249108503
16.264647042012005	0.1	0.05819039451114923	0.13855421686746988	0.08062524540701402	2.6540184249108503
16.274649899971422	0.1	0.058164665523156085	0.13855421686746988	0.08058959680919213	2.6540184249108503
16.28465275793084	0.1	0.05813893653516296	0.13855421686746988	0.08055394821137037	2.6540184249108503
16.294655615890257	0.1	0.058113207547169816	0.13855421686746988	0.08051829961354857	2.6540184249108503
16.30465847384967	0.1	0.058087478559176675	0.13855421686746988	0.08048265101572673	2.6540184249108503
16.314661331809088	0.1	0.058061749571183534	0.13855421686746988	0.0804470024179049	2.6540184249108503
16.324664189768505	0.1	0.0580360205831904	0.13855421686746988	0.08041135382008309	2.6540184249108503
16.334667047727923	0.1	0.05801029159519726	0.13855421686746988	0.08037570522226127	2.6540184249108503
16.34466990568734	0.1	0.05798456260720412	0.13855421686746988	0.08034005662443945	2.6540184249108503
16.354672763646757	0.1	0.057958833619210975	0.13855421686746988	0.08030440802661766	2.6540184249108503
16.364675621606175	0.1	0.057933104631217834	0.13855421686746988	0.08026875942879579	2.6540184249108503
16.374678479565592	0.1	0.05790737564322469	0.13855421686746988	0.080233110830974	2.6540184249108503
16.38468133752501	0.1	0.057881646655231565	0.13855421686746988	0.08019746223315216	2.6540184249108503
16.394684195484427	0.1	0.057855917667238424	0.13855421686746988	0.08016181363533034	2.6540184249108503
16.40468705344384	0.1	0.05783018867924529	0.13855421686746988	0.08012616503750851	2.6540184249108503
16.414689911403258	0.1	0.05780445969125215	0.13855421686746988	0.08009051643968672	2.6540184249108503
16.424692769362675	0.1	0.05777873070325901	0.13855421686746988	0.0800548678418649	2.6540184249108503
16.434695627322093	0.1	0.057753001715265866	0.13855421686746988	0.08001921924404304	2.6540184249108503
16.44469848528151	0.1	0.057727272727272724	0.13855421686746988	0.07998357064622123	2.6540184249108503
16.454701343240927	0.1	0.05770154373927959	0.13855421686746988	0.07994792204839944	2.6540184249108503
16.464704201200345	0.1	0.05767581475128645	0.13855421686746988	0.0799122734505776	2.6540184249108503
16.474707059159762	0.1	0.05765008576329331	0.13855421686746988	0.07987662485275578	2.6540184249108503
16.48470991711918	0.1	0.05762435677530018	0.13855421686746988	0.079840976254934	2.6540184249108503
16.494712775078593	0.1	0.05759862778730704	0.13855421686746988	0.07980532765711215	2.6540184249108503
16.50471563303801	0.1	0.0575728987993139	0.13855421686746988	0.07976967905929035	2.6540184249108503
16.514718490997428	0.1	0.057547169811320756	0.13855421686746988	0.07973403046146851	2.6540184249108503
16.524721348956845	0.1	0.057521440823327614	0.13414634146341464	0.07716290842153704	2.6540184249108503
16.534724206916263	0.1	0.05749571183533448	0.13414634146341464	0.0771283939254487	2.6540184249108503
16.54472706487568	0.1	0.05746998284734134	0.13414634146341464	0.07709387942936034	2.6540184249108503
16.554729922835097	0.1	0.0574442538593482	0.13414634146341464	0.07705936493327198	2.6540184249108503
16.564732780794515	0.1	0.057418524871355056	0.13414634146341464	0.07702485043718363	2.6540184249108503
16.574735638753932	0.1	0.057392795883361915	0.13414634146341464	0.07699033594109525	2.6540184249108503
16.58473849671335	0.1	0.05736706689536879	0.13414634146341464	0.0769558214450069	2.6540184249108503
16.594741354672763	0.1	0.057341337907375646	0.13414634146341464	0.07692130694891854	2.6540184249108503
16.60474421263218	0.1	0.057315608919382505	0.13414634146341464	0.0768867924528302	2.6540184249108503
16.614747070591598	0.1	0.05728987993138937	0.13414634146341464	0.07685227795674185	2.6540184249108503
16.624749928551015	0.1	0.05726415094339623	0.13414634146341464	0.07681776346065347	2.6540184249108503
16.634752786510433	0.1	0.05723842195540309	0.13414634146341464	0.07678324896456512	2.6540184249108503
16.64475564446985	0.1	0.057212692967409946	0.13414634146341464	0.07674873446847674	2.6540184249108503
16.654758502429267	0.1	0.057186963979416805	0.13414634146341464	0.07671421997238838	2.6540184249108503
16.664761360388685	0.1	0.05716123499142367	0.13414634146341464	0.07667970547630007	2.6540184249108503
16.674764218348102	0.1	0.05713550600343053	0.13414634146341464	0.07664519098021169	2.6540184249108503
16.684767076307516	0.1	0.0571097770154374	0.13414634146341464	0.07661067648412336	2.6540184249108503
16.694769934266933	0.1	0.05708404802744426	0.13414634146341464	0.07657616198803496	2.6540184249108503
16.70477279222635	0.1	0.05705831903945112	0.13414634146341464	0.07654164749194664	2.6540184249108503
16.714775650185768	0.1	0.05703259005145798	0.13414634146341464	0.07650713299585825	2.6540184249108503
16.724778508145185	0.1	0.057006861063464837	0.12962962962962962	0.07389778286004699	2.6540184249108503
16.734781366104603	0.1	0.0569811320754717	0.12962962962962962	0.07386443046820404	2.6540184249108503
16.74478422406402	0.1	0.05695540308747856	0.12962962962962962	0.0738310780763611	2.6540184249108503
16.754787082023437	0.1	0.05692967409948542	0.12962962962962962	0.07379772568451813	2.6540184249108503
16.764789939982855	0.1	0.05690394511149228	0.12962962962962962	0.07376437329267517	2.6540184249108503
16.77479279794227	0.1	0.05687821612349914	0.12962962962962962	0.07373102090083221	2.6540184249108503
16.784795655901686	0.1	0.05685248713550601	0.12962962962962962	0.07369766850898928	2.6540184249108503
16.794798513861103	0.1	0.05682675814751287	0.12962962962962962	0.07366431611714631	2.6540184249108503
16.80480137182052	0.1	0.05680102915951973	0.12962962962962962	0.07363096372530335	2.6540184249108503
16.814804229779938	0.1	0.05677530017152659	0.12962962962962962	0.0735976113334604	2.6540184249108503
16.824807087739355	0.1	0.05674957118353345	0.12962962962962962	0.07356425894161743	2.6540184249108503
16.834809945698773	0.1	0.05672384219554031	0.125	0.07090480274442539	2.6540184249108503
16.84481280365819	0.1	0.05669811320754717	0.125	0.07087264150943395	2.6540184249108503
16.854815661617607	0.1	0.05667238421955403	0.125	0.07084048027444252	2.6540184249108503
16.864818519577025	0.1	0.056646655231560886	0.125	0.0708083190394511	2.6540184249108503
16.87482137753644	0.1	0.05662092624356775	0.125	0.07077615780445969	2.6540184249108503
16.884824235495856	0.1	0.05659519725557462	0.125	0.07074399656946828	2.6540184249108503
16.894827093455273	0.1	0.05656946826758148	0.125	0.07071183533447686	2.6540184249108503
16.90482995141469	0.1	0.05654373927958834	0.125	0.07067967409948542	2.6540184249108503
16.914832809374108	0.1	0.0565180102915952	0.125	0.070647512864494	2.6540184249108503
16.924835667333525	0.1	0.05649228130360206	0.125	0.07061535162950255	2.6540184249108503
16.934838525292943	0.1	0.05646655231560892	0.125	0.07058319039451116	2.6540184249108503
16.94484138325236	0.1	0.05644082332761578	0.125	0.07055102915951972	2.6540184249108503
16.954844241211777	0.1	0.05641509433962264	0.125	0.0705188679245283	2.6540184249108503
16.96484709917119	0.1	0.0563893653516295	0.125	0.07048670668953685	2.6540184249108503
16.97484995713061	0.1	0.05636363636363636	0.125	0.07045454545454545	2.6540184249108503
16.984852815090026	0.1	0.05633790737564323	0.125	0.07042238421955405	2.6540184249108503
16.994855673049443	0.1	0.05631217838765009	0.125	0.07039022298456261	2.6540184249108503
17.00485853100886	0.1	0.05628644939965695	0.125	0.07035806174957118	2.6540184249108503
17.014861388968278	0.1	0.05626072041166381	0.12962962962962962	0.07293056349660124	2.6540184249108503
17.024864246927695	0.1	0.05623499142367067	0.12962962962962962	0.07289721110475829	2.6540184249108503
17.034867104887113	0.1	0.05620926243567753	0.12962962962962962	0.0728638587129153	2.6540184249108503
17.04486996284653	0.1	0.05618353344768439	0.12962962962962962	0.07283050632107237	2.6540184249108503
17.054872820805947	0.1	0.05615780445969125	0.12962962962962962	0.0727971539292294	2.6540184249108503
17.06487567876536	0.1	0.05613207547169811	0.12962962962962962	0.07276380153738643	2.6540184249108503
17.07487853672478	0.1	0.05610634648370498	0.12962962962962962	0.0727304491455435	2.6540184249108503
17.084881394684196	0.1	0.05608061749571184	0.12962962962962962	0.07269709675370052	2.6540184249108503
17.094884252643613	0.1	0.0560548885077187	0.12962962962962962	0.07266374436185759	2.6540184249108503
17.10488711060303	0.1	0.05602915951972556	0.12962962962962962	0.07263039197001463	2.6540184249108503
17.114889968562448	0.1	0.05600343053173242	0.12962962962962962	0.07259703957817165	2.6540184249108503
17.124892826521865	0.1	0.05597770154373928	0.12962962962962962	0.0725636871863287	2.6540184249108503
17.134895684481283	0.1	0.05595197255574614	0.12962962962962962	0.07253033479448573	2.6540184249108503
17.1448985424407	0.1	0.055926243567753	0.12962962962962962	0.07249698240264278	2.6540184249108503
17.154901400400114	0.1	0.055900514579759863	0.12962962962962962	0.07246363001079982	2.6540184249108503
17.16490425835953	0.1	0.05587478559176672	0.12962962962962962	0.07243027761895687	2.6540184249108503
17.17490711631895	0.1	0.055849056603773595	0.12962962962962962	0.0723969252271139	2.6540184249108503
17.184909974278366	0.1	0.05582332761578045	0.13157894736842105	0.07345174686286901	2.6540184249108503
17.194912832237783	0.1	0.05579759862778731	0.13157894736842105	0.07341789293129909	2.6540184249108503
17.2049156901972	0.1	0.05577186963979417	0.13380281690140844	0.074624332616626	2.6540184249108503
17.214918548156618	0.1	0.05574614065180103	0.13380281690140844	0.07458990650593096	2.6540184249108503
17.224921406116035	0.1	0.055720411663807895	0.13380281690140844	0.07455548039523589	2.6540184249108503
17.234924264075453	0.1	0.055694682675814754	0.13380281690140844	0.07452105428454085	2.6540184249108503
17.244927122034866	0.1	0.05566895368782161	0.13380281690140844	0.07448662817384583	2.6540184249108503
17.254929979994284	0.1	0.05564322469982847	0.13380281690140844	0.07445220206315079	2.6540184249108503
17.2649328379537	0.1	0.05561749571183533	0.13380281690140844	0.07441777595245573	2.6540184249108503
17.27493569591312	0.1	0.0555917667238422	0.13380281690140844	0.0743833498417607	2.6540184249108503
17.284938553872536	0.1	0.05556603773584906	0.13380281690140844	0.07434892373106564	2.6540184249108503
17.294941411831953	0.1	0.05554030874785592	0.13380281690140844	0.0743144976203706	2.6540184249108503
17.30494426979137	0.1	0.055514579759862785	0.13380281690140844	0.07428007150967557	2.6540184249108503
17.314947127750788	0.1	0.055488850771869644	0.13636363636363635	0.07566661468891313	2.6540184249108503
17.324949985710205	0.1	0.0554631217838765	0.13636363636363635	0.07563152970528615	2.6540184249108503
17.334952843669623	0.1	0.05543739279588336	0.13636363636363635	0.07559644472165913	2.6540184249108503
17.344955701629036	0.1	0.05541166380789022	0.13636363636363635	0.07556135973803212	2.6540184249108503
17.354958559588454	0.1	0.05538593481989708	0.13636363636363635	0.0755262747544051	2.6540184249108503
17.36496141754787	0.1	0.055360205831903944	0.13636363636363635	0.07549118977077811	2.6540184249108503
17.37496427550729	0.1	0.05533447684391081	0.13636363636363635	0.07545610478715112	2.6540184249108503
17.384967133466706	0.1	0.055308747855917675	0.13636363636363635	0.0754210198035241	2.6540184249108503
17.394969991426123	0.1	0.055283018867924534	0.13934426229508196	0.07703371481596041	2.6540184249108503
17.40497284938554	0.1	0.05525728987993139	0.13934426229508196	0.07699786294744539	2.6540184249108503
17.414975707344958	0.1	0.05523156089193825	0.13934426229508196	0.07696201107893035	2.6540184249108503
17.424978565304375	0.1	0.05520583190394511	0.13934426229508196	0.07692615921041532	2.6540184249108503
17.43498142326379	0.1	0.055180102915951976	0.13934426229508196	0.07689030734190029	2.6540184249108503
17.444984281223206	0.1	0.055154373927958834	0.13934426229508196	0.07685445547338525	2.6540184249108503
17.454987139182624	0.1	0.05512864493996569	0.13934426229508196	0.07681860360487024	2.6540184249108503
17.46498999714204	0.1	0.05510291595197255	0.13934426229508196	0.0767827517363552	2.6540184249108503
17.47499285510146	0.1	0.055077186963979424	0.13934426229508196	0.07674689986784017	2.6540184249108503
17.484995713060876	0.1	0.05505145797598628	0.13934426229508196	0.07671104799932515	2.6540184249108503
17.494998571020293	0.1	0.05502572898799314	0.13934426229508196	0.07667519613081011	2.6540184249108503
17.50500142897971	0.1	0.055	0.13934426229508196	0.07663934426229507	2.6540184249108503
17.515004286939128	0.1	0.054974271012006866	0.14285714285714285	0.07853467287429551	2.6540184249108503
17.525007144898545	0.1	0.054948542024013725	0.14285714285714285	0.07849791717716247	2.6540184249108503
17.53501000285796	0.1	0.05492281303602058	0.14285714285714285	0.0784611614800294	2.6540184249108503
17.545012860817376	0.1	0.05489708404802744	0.14285714285714285	0.07842440578289635	2.6540184249108503
17.555015718776794	0.1	0.0548713550600343	0.14285714285714285	0.07838765008576329	2.6540184249108503
17.56501857673621	0.1	0.054845626072041166	0.14285714285714285	0.07835089438863023	2.6540184249108503
17.57502143469563	0.1	0.05481989708404803	0.14285714285714285	0.07831413869149718	2.6540184249108503
17.585024292655046	0.1	0.05479416809605489	0.14285714285714285	0.07827738299436414	2.6540184249108503
17.595027150614463	0.1	0.054768439108061756	0.14285714285714285	0.0782406272972311	2.6540184249108503
17.60503000857388	0.1	0.054742710120068615	0.14285714285714285	0.07820387160009802	2.6540184249108503
17.615032866533298	0.1	0.05471698113207547	0.14285714285714285	0.07816711590296496	2.6540184249108503
17.62503572449271	0.1	0.05469125214408233	0.14285714285714285	0.07813036020583189	2.6540184249108503
17.63503858245213	0.1	0.05466552315608919	0.14285714285714285	0.07809360450869884	2.6540184249108503
17.645041440411546	0.1	0.054639794168096056	0.14285714285714285	0.07805684881156578	2.6540184249108503
17.655044298370964	0.1	0.054614065180102915	0.14285714285714285	0.07802009311443274	2.6540184249108503
17.66504715633038	0.1	0.054588336192109774	0.14285714285714285	0.07798333741729967	2.6540184249108503
17.6750500142898	0.1	0.054562607204116646	0.14285714285714285	0.07794658172016664	2.6540184249108503
17.685052872249216	0.1	0.054536878216123505	0.14285714285714285	0.07790982602303358	2.6540184249108503
17.695055730208633	0.1	0.054511149228130364	0.14285714285714285	0.07787307032590052	2.6540184249108503
17.70505858816805	0.1	0.05448542024013722	0.14285714285714285	0.07783631462876746	2.6540184249108503
17.715061446127464	0.1	0.05445969125214409	0.14285714285714285	0.0777995589316344	2.6540184249108503
17.72506430408688	0.1	0.05443396226415095	0.14285714285714285	0.07776280323450135	2.6540184249108503
17.7350671620463	0.1	0.054408233276157805	0.14285714285714285	0.0777260475373683	2.6540184249108503
17.745070020005716	0.1	0.054382504288164664	0.14285714285714285	0.07768929184023524	2.6540184249108503
17.755072877965134	0.1	0.05435677530017152	0.14285714285714285	0.07765253614310219	2.6540184249108503
17.76507573592455	0.1	0.05433104631217838	0.14285714285714285	0.07761578044596912	2.6540184249108503
17.77507859388397	0.1	0.054305317324185254	0.14285714285714285	0.07757902474883607	2.6540184249108503
17.785081451843386	0.1	0.05427958833619211	0.14285714285714285	0.07754226905170301	2.6540184249108503
17.795084309802803	0.1	0.05425385934819898	0.14285714285714285	0.07750551335456998	2.6540184249108503
17.80508716776222	0.1	0.05422813036020584	0.14285714285714285	0.07746875765743691	2.6540184249108503
17.815090025721634	0.1	0.054202401372212695	0.13636363636363635	0.07391236550756276	2.6540184249108503
17.82509288368105	0.1	0.054176672384219554	0.13636363636363635	0.07387728052393575	2.6540184249108503
17.83509574164047	0.1	0.05415094339622641	0.13636363636363635	0.07384219554030877	2.6540184249108503
17.845098599599886	0.1	0.05412521440823327	0.13636363636363635	0.07380711055668174	2.6540184249108503
17.855101457559304	0.1	0.05409948542024014	0.13636363636363635	0.07377202557305473	2.6540184249108503
17.86510431551872	0.1	0.054073756432246996	0.14	0.07570325900514581	2.6540184249108503
17.87510717347814	0.1	0.05404802744425387	0.14	0.07566723842195541	2.6540184249108503
17.885110031437556	0.1	0.05402229845626073	0.14	0.07563121783876502	2.6540184249108503
17.895112889396973	0.1	0.053996569468267586	0.14	0.07559519725557462	2.6540184249108503
17.905115747356387	0.1	0.053970840480274444	0.14	0.07555917667238424	2.6540184249108503
17.915118605315804	0.1	0.0539451114922813	0.14	0.07552315608919381	2.6540184249108503
17.92512146327522	0.1	0.05391938250428817	0.14	0.07548713550600342	2.6540184249108503
17.93512432123464	0.1	0.05389365351629503	0.14	0.07545111492281302	2.6540184249108503
17.945127179194056	0.1	0.053867924528301886	0.14	0.07541509433962262	2.6540184249108503
17.955130037153474	0.1	0.053842195540308745	0.14	0.07537907375643224	2.6540184249108503
17.96513289511289	0.1	0.0538164665523156	0.14	0.07534305317324186	2.6540184249108503
17.97513575307231	0.1	0.053790737564322476	0.14	0.07530703259005149	2.6540184249108503
17.985138611031726	0.1	0.053765008576329334	0.14444444444444443	0.07766056794358682	2.6540184249108503
17.995141468991143	0.1	0.05373927958833619	0.14444444444444443	0.07762340384981893	2.6540184249108503
18.005144326950557	0.1	0.05371355060034306	0.14444444444444443	0.07758623975605108	2.6540184249108503
18.015147184909974	0.1	0.05368782161234992	0.14444444444444443	0.07754907566228321	2.6540184249108503
18.02515004286939	0.1	0.053662092624356776	0.14444444444444443	0.07751191156851535	2.6540184249108503
18.03515290082881	0.1	0.053636363636363635	0.14444444444444443	0.07747474747474749	2.6540184249108503
18.045155758788226	0.1	0.053610634648370493	0.14444444444444443	0.07743758338097961	2.6540184249108503
18.055158616747644	0.1	0.05358490566037736	0.14444444444444443	0.07740041928721174	2.6540184249108503
18.06516147470706	0.1	0.05355917667238422	0.14444444444444443	0.07736325519344388	2.6540184249108503
18.07516433266648	0.1	0.05353344768439108	0.14444444444444443	0.077326091099676	2.6540184249108503
18.085167190625896	0.1	0.05350771869639795	0.14444444444444443	0.07728892700590814	2.6540184249108503
18.09517004858531	0.1	0.05348198970840481	0.14444444444444443	0.07725176291214025	2.6540184249108503
18.105172906544727	0.1	0.053456260720411666	0.14444444444444443	0.0772145988183724	2.6540184249108503
18.115175764504144	0.1	0.053430531732418525	0.14444444444444443	0.07717743472460455	2.6540184249108503
18.12517862246356	0.1	0.053404802744425384	0.14444444444444443	0.07714027063083667	2.6540184249108503
18.13518148042298	0.1	0.05337907375643225	0.14444444444444443	0.0771031065370688	2.6540184249108503
18.145184338382396	0.1	0.05335334476843911	0.14444444444444443	0.07706594244330095	2.6540184249108503
18.155187196341814	0.1	0.05332761578044597	0.14444444444444443	0.07702877834953306	2.6540184249108503
18.16519005430123	0.1	0.053301886792452825	0.14444444444444443	0.07699161425576519	2.6540184249108503
18.17519291226065	0.1	0.0532761578044597	0.14444444444444443	0.07695445016199734	2.6540184249108503
18.185195770220062	0.1	0.053250428816466557	0.14444444444444443	0.07691728606822948	2.6540184249108503
18.19519862817948	0.1	0.053224699828473415	0.14444444444444443	0.07688012197446162	2.6540184249108503
18.205201486138897	0.1	0.05319897084048028	0.14444444444444443	0.07684295788069374	2.6540184249108503
18.215204344098314	0.1	0.05317324185248714	0.14444444444444443	0.07680579378692587	2.6540184249108503
18.22520720205773	0.1	0.053147512864494	0.14444444444444443	0.076768629693158	2.6540184249108503
18.23521006001715	0.1	0.05312178387650086	0.14444444444444443	0.07673146559939012	2.6540184249108503
18.245212917976566	0.1	0.053096054888507715	0.14444444444444443	0.07669430150562226	2.6540184249108503
18.255215775935984	0.1	0.053070325900514574	0.14444444444444443	0.07665713741185441	2.6540184249108503
18.2652186338954	0.1	0.05304459691252144	0.14444444444444443	0.07661997331808651	2.6540184249108503
18.27522149185482	0.1	0.053018867924528305	0.14444444444444443	0.07658280922431868	2.6540184249108503
18.285224349814232	0.1	0.05299313893653517	0.14444444444444443	0.07654564513055082	2.6540184249108503
18.29522720777365	0.1	0.05296740994854203	0.14444444444444443	0.07650848103678294	2.6540184249108503
18.305230065733067	0.1	0.05294168096054889	0.13636363636363635	0.0721932013098394	2.6540184249108503
18.315232923692484	0.1	0.05291595197255575	0.13636363636363635	0.07215811632621237	2.6540184249108503
18.3252357816519	0.1	0.052890222984562606	0.13636363636363635	0.07212303134258537	2.6540184249108503
18.33523863961132	0.1	0.052864493996569464	0.13636363636363635	0.07208794635895836	2.6540184249108503
18.345241497570736	0.1	0.05283876500857633	0.13636363636363635	0.07205286137533136	2.6540184249108503
18.355244355530154	0.1	0.05281303602058319	0.13636363636363635	0.07201777639170437	2.6540184249108503
18.36524721348957	0.1	0.05278730703259005	0.1326530612244898	0.07002397871670109	2.6540184249108503
18.375250071448985	0.1	0.05276157804459692	0.1326530612244898	0.06998984842650613	2.6540184249108503
18.385252929408402	0.1	0.05273584905660378	0.1326530612244898	0.06995571813631113	2.6540184249108503
18.39525578736782	0.1	0.05271012006861064	0.1326530612244898	0.06992158784611614	2.6540184249108503
18.405258645327237	0.1	0.052684391080617496	0.1326530612244898	0.06988745755592117	2.6540184249108503
18.415261503286654	0.1	0.05265866209262436	0.1326530612244898	0.0698533272657262	2.6540184249108503
18.42526436124607	0.1	0.05263293310463122	0.1326530612244898	0.06981919697553121	2.6540184249108503
18.43526721920549	0.1	0.05260720411663808	0.1326530612244898	0.06978506668533623	2.6540184249108503
18.445270077164906	0.1	0.05258147512864494	0.1326530612244898	0.06975093639514122	2.6540184249108503
18.455272935124324	0.1	0.052555746140651796	0.1326530612244898	0.06971680610494625	2.6540184249108503
18.46527579308374	0.1	0.05253001715265866	0.1326530612244898	0.06968267581475128	2.6540184249108503
18.475278651043155	0.1	0.05250428816466553	0.1326530612244898	0.06964854552455632	2.6540184249108503
18.485281509002572	0.1	0.052478559176672386	0.1326530612244898	0.06961441523436133	2.6540184249108503
18.49528436696199	0.1	0.05245283018867925	0.1326530612244898	0.06958028494416636	2.6540184249108503
18.505287224921407	0.1	0.05242710120068611	0.1326530612244898	0.06954615465397136	2.6540184249108503
18.515290082880824	0.1	0.05240137221269297	0.1326530612244898	0.06951202436377639	2.6540184249108503
18.52529294084024	0.1	0.05237564322469983	0.1326530612244898	0.0694778940735814	2.6540184249108503
18.53529579879966	0.1	0.052349914236706686	0.1326530612244898	0.06944376378338644	2.6540184249108503
18.545298656759076	0.1	0.05232418524871355	0.1326530612244898	0.06940963349319144	2.6540184249108503
18.555301514718494	0.1	0.05229845626072041	0.1326530612244898	0.06937550320299644	2.6540184249108503
18.565304372677907	0.1	0.05227272727272727	0.1326530612244898	0.06934137291280147	2.6540184249108503
18.575307230637325	0.1	0.05224699828473414	0.1326530612244898	0.06930724262260651	2.6540184249108503
18.585310088596742	0.1	0.052221269296741	0.1326530612244898	0.06927311233241153	2.6540184249108503
18.59531294655616	0.1	0.05219554030874786	0.1326530612244898	0.06923898204221654	2.6540184249108503
18.605315804515577	0.1	0.05216981132075472	0.1326530612244898	0.06920485175202158	2.6540184249108503
18.615318662474994	0.1	0.05214408233276158	0.1326530612244898	0.06917072146182657	2.6540184249108503
18.62532152043441	0.1	0.05211835334476844	0.1326530612244898	0.06913659117163161	2.6540184249108503
18.63532437839383	0.1	0.0520926243567753	0.1326530612244898	0.06910246088143662	2.6540184249108503
18.645327236353246	0.1	0.05206689536878216	0.13636363636363635	0.07100031186652112	2.6540184249108503
18.65533009431266	0.1	0.05204116638078902	0.13636363636363635	0.07096522688289413	2.6540184249108503
18.665332952272077	0.1	0.05201543739279588	0.13636363636363635	0.0709301418992671	2.6540184249108503
18.675335810231495	0.1	0.05198970840480275	0.13636363636363635	0.0708950569156401	2.6540184249108503
18.685338668190912	0.1	0.05196397941680961	0.13636363636363635	0.07085997193201313	2.6540184249108503
18.69534152615033	0.1	0.051938250428816474	0.13636363636363635	0.07082488694838611	2.6540184249108503
18.705344384109747	0.1	0.05191252144082333	0.13636363636363635	0.0707898019647591	2.6540184249108503
18.715347242069164	0.1	0.05188679245283019	0.13636363636363635	0.07075471698113209	2.6540184249108503
18.72535010002858	0.1	0.05186106346483705	0.13636363636363635	0.0707196319975051	2.6540184249108503
18.735352957988	0.1	0.05183533447684391	0.13636363636363635	0.07068454701387807	2.6540184249108503
18.745355815947416	0.1	0.05180960548885077	0.13636363636363635	0.07064946203025102	2.6540184249108503
18.75535867390683	0.1	0.05178387650085763	0.14102564102564102	0.07302854378326078	2.6540184249108503
18.765361531866247	0.1	0.05175814751286449	0.14102564102564102	0.07299225931301404	2.6540184249108503
18.775364389825665	0.1	0.051732418524871364	0.14102564102564102	0.07295597484276731	2.6540184249108503
18.785367247785082	0.1	0.05170668953687822	0.14102564102564102	0.07291969037252055	2.6540184249108503
18.7953701057445	0.1	0.05168096054888508	0.14102564102564102	0.07288340590227385	2.6540184249108503
18.805372963703917	0.1	0.05165523156089194	0.14102564102564102	0.07284712143202708	2.6540184249108503
18.815375821663334	0.1	0.0516295025728988	0.14102564102564102	0.07281083696178035	2.6540184249108503
18.82537867962275	0.1	0.05160377358490566	0.15	0.07740566037735847	2.6540184249108503
18.83538153758217	0.1	0.05157804459691252	0.15	0.07736706689536879	2.6540184249108503
18.845384395541583	0.1	0.05155231560891938	0.15	0.07732847341337909	2.6540184249108503
18.855387253501	0.1	0.05152658662092624	0.15	0.07728987993138937	2.6540184249108503
18.865390111460417	0.1	0.05150085763293311	0.15	0.07725128644939967	2.6540184249108503
18.875392969419835	0.1	0.05147512864493997	0.15	0.07721269296740996	2.6540184249108503
18.885395827379252	0.1	0.05144939965694683	0.15	0.07717409948542024	2.6540184249108503
18.89539868533867	0.1	0.05142367066895369	0.15	0.07713550600343053	2.6540184249108503
18.905401543298087	0.1	0.051397941680960554	0.15	0.07709691252144084	2.6540184249108503
18.915404401257504	0.1	0.05137221269296741	0.15	0.07705831903945112	2.6540184249108503
18.92540725921692	0.1	0.05134648370497427	0.15	0.0770197255574614	2.6540184249108503
18.935410117176335	0.1	0.05132075471698113	0.15	0.07698113207547169	2.6540184249108503
18.945412975135753	0.1	0.05129502572898799	0.15	0.076942538593482	2.6540184249108503
18.95541583309517	0.1	0.051269296740994855	0.15	0.07690394511149228	2.6540184249108503
18.965418691054587	0.1	0.05124356775300172	0.15	0.07686535162950256	2.6540184249108503
18.975421549014005	0.1	0.05121783876500858	0.15	0.07682675814751287	2.6540184249108503
18.985424406973422	0.1	0.051192109777015445	0.15	0.0767881646655232	2.6540184249108503
18.99542726493284	0.1	0.0511663807890223	0.15	0.07674957118353345	2.6540184249108503
19.005430122892257	0.1	0.05114065180102916	0.15	0.07671097770154374	2.6540184249108503
19.015432980851674	0.1	0.05111492281303602	0.15	0.07667238421955401	2.6540184249108503
19.02543583881109	0.1	0.05108919382504288	0.15	0.07663379073756431	2.6540184249108503
19.035438696770505	0.1	0.051063464837049745	0.15	0.07659519725557465	2.6540184249108503
19.045441554729923	0.1	0.051037735849056604	0.15	0.07655660377358489	2.6540184249108503
19.05544441268934	0.1	0.05101200686106346	0.15	0.07651801029159518	2.6540184249108503
19.065447270648757	0.1	0.050986277873070335	0.15	0.07647941680960549	2.6540184249108503
19.075450128608175	0.1	0.05096054888507719	0.15	0.07644082332761577	2.6540184249108503
19.085452986567592	0.1	0.05093481989708405	0.15	0.07640222984562607	2.6540184249108503
19.09545584452701	0.1	0.05090909090909091	0.15	0.07636363636363638	2.6540184249108503
19.105458702486427	0.1	0.05088336192109777	0.15	0.07632504288164667	2.6540184249108503
19.115461560445844	0.1	0.050857632933104635	0.15	0.07628644939965694	2.6540184249108503
19.125464418405258	0.1	0.050831903945111494	0.14444444444444443	0.07342386125404993	2.6540184249108503
19.135467276364675	0.1	0.05080617495711835	0.14444444444444443	0.07338669716028205	2.6540184249108503
19.145470134324093	0.1	0.05078044596912521	0.14444444444444443	0.0733495330665142	2.6540184249108503
19.15547299228351	0.1	0.05075471698113207	0.14444444444444443	0.07331236897274633	2.6540184249108503
19.165475850242927	0.1	0.05072898799313894	0.13636363636363635	0.06917589271791673	2.6540184249108503
19.175478708202345	0.1	0.0507032590051458	0.13636363636363635	0.06914080773428972	2.6540184249108503
19.185481566161762	0.1	0.05067753001715267	0.13636363636363635	0.06910572275066273	2.6540184249108503
19.19548442412118	0.1	0.050651801029159525	0.13636363636363635	0.06907063776703572	2.6540184249108503
19.205487282080597	0.1	0.050626072041166384	0.13636363636363635	0.06903555278340871	2.6540184249108503
19.215490140040014	0.1	0.05060034305317324	0.13636363636363635	0.0690004677997817	2.6540184249108503
19.225492997999428	0.1	0.0505746140651801	0.13636363636363635	0.06896538281615468	2.6540184249108503
19.235495855958845	0.1	0.05054888507718696	0.13636363636363635	0.06893029783252766	2.6540184249108503
19.245498713918263	0.1	0.050523156089193826	0.13636363636363635	0.06889521284890067	2.6540184249108503
19.25550157187768	0.1	0.050497427101200684	0.13636363636363635	0.06886012786527365	2.6540184249108503
19.265504429837097	0.1	0.05047169811320756	0.13636363636363635	0.06882504288164666	2.6540184249108503
19.275507287796515	0.1	0.050445969125214415	0.13636363636363635	0.06878995789801966	2.6540184249108503
19.285510145755932	0.1	0.050420240137221274	0.13636363636363635	0.06875487291439265	2.6540184249108503
19.29551300371535	0.1	0.05039451114922813	0.13636363636363635	0.06871978793076565	2.6540184249108503
19.305515861674767	0.1	0.05036878216123499	0.13636363636363635	0.0686847029471386	2.6540184249108503
19.31551871963418	0.1	0.05034305317324185	0.13636363636363635	0.0686496179635116	2.6540184249108503
19.325521577593598	0.1	0.050317324185248716	0.13636363636363635	0.0686145329798846	2.6540184249108503
19.335524435553015	0.1	0.050291595197255574	0.13636363636363635	0.0685794479962576	2.6540184249108503
19.345527293512433	0.1	0.05026586620926243	0.13636363636363635	0.06854436301263059	2.6540184249108503
19.35553015147185	0.1	0.05024013722126929	0.13636363636363635	0.06850927802900357	2.6540184249108503
19.365533009431267	0.1	0.050214408233276164	0.13636363636363635	0.06847419304537658	2.6540184249108503
19.375535867390685	0.1	0.05018867924528302	0.13636363636363635	0.06843910806174959	2.6540184249108503
19.385538725350102	0.1	0.05016295025728988	0.13636363636363635	0.06840402307812257	2.6540184249108503
19.39554158330952	0.1	0.05013722126929675	0.13636363636363635	0.06836893809449557	2.6540184249108503
19.405544441268933	0.1	0.050111492281303606	0.13636363636363635	0.06833385311086855	2.6540184249108503
19.41554729922835	0.1	0.050085763293310465	0.13636363636363635	0.06829876812724156	2.6540184249108503
19.425550157187768	0.1	0.05006003430531732	0.13636363636363635	0.06826368314361453	2.6540184249108503
19.435553015147185	0.1	0.05003430531732418	0.13636363636363635	0.06822859815998752	2.6540184249108503
19.445555873106603	0.1	0.05000857632933105	0.13636363636363635	0.06819351317636052	2.6540184249108503
19.45555873106602	0.1	0.049982847341337906	0.13636363636363635	0.06815842819273352	2.6540184249108503
19.465561589025437	0.1	0.04995711835334477	0.13636363636363635	0.0681233432091065	2.6540184249108503
19.475564446984855	0.1	0.04993138936535164	0.13636363636363635	0.06808825822547952	2.6540184249108503
19.485567304944272	0.1	0.049905660377358496	0.13636363636363635	0.0680531732418525	2.6540184249108503
19.49557016290369	0.1	0.049879931389365355	0.13636363636363635	0.0680180882582255	2.6540184249108503
19.505573020863103	0.1	0.049854202401372213	0.13636363636363635	0.06798300327459847	2.6540184249108503
19.51557587882252	0.1	0.04982847341337907	0.12790697674418605	0.0637340939008337	2.6540184249108503
19.525578736781938	0.1	0.04980274442538594	0.12790697674418605	0.06370118473014481	2.6540184249108503
19.535581594741355	0.1	0.049777015437392796	0.12790697674418605	0.06366827555945591	2.6540184249108503
19.545584452700773	0.1	0.049751286449399655	0.12790697674418605	0.063635366388767	2.6540184249108503
19.55558731066019	0.1	0.049725557461406514	0.12790697674418605	0.0636024572180781	2.6540184249108503
19.565590168619607	0.1	0.049699828473413386	0.12790697674418605	0.06356954804738922	2.6540184249108503
19.575593026579025	0.1	0.049674099485420245	0.12790697674418605	0.0635366388767003	2.6540184249108503
19.585595884538442	0.1	0.049648370497427104	0.12790697674418605	0.0635037297060114	2.6540184249108503
19.595598742497856	0.1	0.04962264150943396	0.12790697674418605	0.06347082053532252	2.6540184249108503
19.605601600457273	0.1	0.04959691252144083	0.11904761904761904	0.05904394347790576	2.6540184249108503
19.61560445841669	0.1	0.04957118353344769	0.11904761904761904	0.05901331373029487	2.6540184249108503
19.625607316376108	0.1	0.049545454545454545	0.11904761904761904	0.05898268398268398	2.6540184249108503
19.635610174335525	0.1	0.049519725557461404	0.11904761904761904	0.05895205423507311	2.6540184249108503
19.645613032294943	0.1	0.04949399656946826	0.11904761904761904	0.058921424487462216	2.6540184249108503
19.65561589025436	0.1	0.04946826758147513	0.11904761904761904	0.05889079473985134	2.6540184249108503
19.665618748213777	0.1	0.049442538593481994	0.11904761904761904	0.05886016499224046	2.6540184249108503
19.675621606173195	0.1	0.04941680960548886	0.11904761904761904	0.058829535244629604	2.6540184249108503
19.685624464132612	0.1	0.04939108061749572	0.11904761904761904	0.0587989054970187	2.6540184249108503
19.695627322092026	0.1	0.04936535162950258	0.11904761904761904	0.058768275749407836	2.6540184249108503
19.705630180051443	0.1	0.049339622641509435	0.11904761904761904	0.05873764600179695	2.6540184249108503
19.71563303801086	0.1	0.049313893653516294	0.11904761904761904	0.05870701625418605	2.6540184249108503
19.725635895970278	0.1	0.04928816466552315	0.11904761904761904	0.058676386506575175	2.6540184249108503
19.735638753929695	0.1	0.04926243567753002	0.11904761904761904	0.0586457567589643	2.6540184249108503
19.745641611889113	0.1	0.04923670668953688	0.11904761904761904	0.05861512701135343	2.6540184249108503
19.75564446984853	0.1	0.049210977701543736	0.11904761904761904	0.05858449726374255	2.6540184249108503
19.765647327807947	0.1	0.04918524871355061	0.11904761904761904	0.058553867516131675	2.6540184249108503
19.775650185767365	0.1	0.04915951972555747	0.11904761904761904	0.058523237768520794	2.6540184249108503
19.78565304372678	0.1	0.049133790737564326	0.11904761904761904	0.058492608020909914	2.6540184249108503
19.795655901686196	0.1	0.049108061749571184	0.11904761904761904	0.05846197827329902	2.6540184249108503
19.805658759645613	0.1	0.04908233276157804	0.11904761904761904	0.05843134852568815	2.6540184249108503
19.81566161760503	0.1	0.04905660377358491	0.11904761904761904	0.058400718778077274	2.6540184249108503
19.825664475564448	0.1	0.04903087478559177	0.11904761904761904	0.05837008903046639	2.6540184249108503
19.835667333523865	0.1	0.049005145797598626	0.11904761904761904	0.05833945928285551	2.6540184249108503
19.845670191483283	0.1	0.048979416809605485	0.11904761904761904	0.05830882953524462	2.6540184249108503
19.8556730494427	0.1	0.04895368782161234	0.11904761904761904	0.05827819978763373	2.6540184249108503
19.865675907402117	0.1	0.048927958833619216	0.12790697674418605	0.06258227292672226	2.6540184249108503
19.87567876536153	0.1	0.048902229845626075	0.12790697674418605	0.06254936375603337	2.6540184249108503
19.88568162332095	0.1	0.04887650085763294	0.12790697674418605	0.06251645458534447	2.6540184249108503
19.895684481280366	0.1	0.0488507718696398	0.12790697674418605	0.06248354541465556	2.6540184249108503
19.905687339239783	0.1	0.04882504288164665	0.12790697674418605	0.06245063624396665	2.6540184249108503
19.9156901971992	0.1	0.048799313893653516	0.12790697674418605	0.06241772707327776	2.6540184249108503
19.925693055158618	0.1	0.048773584905660375	0.12790697674418605	0.06238481790258886	2.6540184249108503
19.935695913118035	0.1	0.04874785591766724	0.12790697674418605	0.062351908731899955	2.6540184249108503
19.945698771077453	0.1	0.0487221269296741	0.12790697674418605	0.06231899956121106	2.6540184249108503
19.95570162903687	0.1	0.04869639794168096	0.12790697674418605	0.06228609039052216	2.6540184249108503
19.965704486996287	0.1	0.04867066895368782	0.12790697674418605	0.06225318121983327	2.6540184249108503
19.9757073449557	0.1	0.04864493996569468	0.12790697674418605	0.06222027204914436	2.6540184249108503
19.98571020291512	0.1	0.04861921097770154	0.12790697674418605	0.06218736287845547	2.6540184249108503
19.995713060874536	0.1	0.0485934819897084	0.12790697674418605	0.062154453707766566	2.6540184249108503
20.005715918833953	0.1	0.048567753001715265	0.12790697674418605	0.06212154453707766	2.6540184249108503
20.01571877679337	0.1	0.04854202401372213	0.12790697674418605	0.06208863536638879	2.6540184249108503
20.025721634752788	0.1	0.04851629502572899	0.12790697674418605	0.062055726195699865	2.6540184249108503
20.035724492712205	0.1	0.04849056603773585	0.12790697674418605	0.062022817025010966	2.6540184249108503
20.045727350671623	0.1	0.04846483704974271	0.12790697674418605	0.06198990785432206	2.6540184249108503
20.05573020863104	0.1	0.048439108061749565	0.12790697674418605	0.06195699868363316	2.6540184249108503
20.065733066590454	0.1	0.04841337907375643	0.12790697674418605	0.06192408951294427	2.6540184249108503
20.07573592454987	0.1	0.04838765008576329	0.12790697674418605	0.061891180342255374	2.6540184249108503
20.08573878250929	0.1	0.048361921097770155	0.12790697674418605	0.06185827117156648	2.6540184249108503
20.095741640468706	0.1	0.048336192109777014	0.12790697674418605	0.06182536200087758	2.6540184249108503
20.105744498428123	0.1	0.04831046312178387	0.12790697674418605	0.06179245283018867	2.6540184249108503
20.11574735638754	0.1	0.04828473413379074	0.12790697674418605	0.06175954365949978	2.6540184249108503
20.125750214346958	0.1	0.0482590051457976	0.12790697674418605	0.061726634488810876	2.6540184249108503
20.135753072306375	0.1	0.048233276157804456	0.12790697674418605	0.06169372531812198	2.6540184249108503
20.145755930265793	0.1	0.04820754716981132	0.12790697674418605	0.06166081614743308	2.6540184249108503
20.15575878822521	0.1	0.04818181818181818	0.11904761904761904	0.05735930735930736	2.6540184249108503
20.165761646184624	0.1	0.048156089193825045	0.11904761904761904	0.05732867761169648	2.6540184249108503
20.17576450414404	0.1	0.048130360205831904	0.11904761904761904	0.0572980478640856	2.6540184249108503
20.18576736210346	0.1	0.04810463121783876	0.11904761904761904	0.05726741811647471	2.6540184249108503
20.195770220062876	0.1	0.04807890222984562	0.11904761904761904	0.05723678836886383	2.6540184249108503
20.205773078022293	0.1	0.04805317324185248	0.11904761904761904	0.05720615862125295	2.6540184249108503
20.21577593598171	0.1	0.048027444253859346	0.11904761904761904	0.05717552887364207	2.6540184249108503
20.225778793941128	0.1	0.04800171526586621	0.11904761904761904	0.05714489912603121	2.6540184249108503
20.235781651900545	0.1	0.04797598627787307	0.11904761904761904	0.05711426937842032	2.6540184249108503
20.245784509859963	0.1	0.04795025728987993	0.11904761904761904	0.05708363963080944	2.6540184249108503
20.255787367819376	0.1	0.04792452830188679	0.11904761904761904	0.05705300988319856	2.6540184249108503
20.265790225778794	0.1	0.04789879931389365	0.11904761904761904	0.05702238013558769	2.6540184249108503
20.27579308373821	0.1	0.04787307032590051	0.11904761904761904	0.0569917503879768	2.6540184249108503
20.28579594169763	0.1	0.04784734133790738	0.11904761904761904	0.05696112064036593	2.6540184249108503
20.295798799657046	0.1	0.047821612349914236	0.11904761904761904	0.05693049089275505	2.6540184249108503
20.305801657616463	0.1	0.047795883361921095	0.11904761904761904	0.056899861145144164	2.6540184249108503
20.31580451557588	0.1	0.04777015437392796	0.11904761904761904	0.05686923139753328	2.6540184249108503
20.325807373535298	0.1	0.04774442538593482	0.11904761904761904	0.05683860164992241	2.6540184249108503
20.335810231494715	0.1	0.04771869639794168	0.11904761904761904	0.05680797190231153	2.6540184249108503
20.34581308945413	0.1	0.047692967409948536	0.11904761904761904	0.05677734215470065	2.6540184249108503
20.355815947413546	0.1	0.0476672384219554	0.11904761904761904	0.05674671240708977	2.6540184249108503
20.365818805372964	0.1	0.04764150943396227	0.11904761904761904	0.056716082659478896	2.6540184249108503
20.37582166333238	0.1	0.047615780445969126	0.11904761904761904	0.05668545291186801	2.6540184249108503
20.3858245212918	0.1	0.047590051457975985	0.11904761904761904	0.05665482316425712	2.6540184249108503
20.395827379251216	0.1	0.04756432246998284	0.11904761904761904	0.05662419341664624	2.6540184249108503
20.405830237210633	0.1	0.0475385934819897	0.11904761904761904	0.056593563669035354	2.6540184249108503
20.41583309517005	0.1	0.04751286449399657	0.11904761904761904	0.05656293392142448	2.6540184249108503
20.425835953129468	0.1	0.04748713550600343	0.11904761904761904	0.056532304173813615	2.6540184249108503
20.435838811088885	0.1	0.04746140651801029	0.11904761904761904	0.05650167442620273	2.6540184249108503
20.4458416690483	0.1	0.04743567753001715	0.11904761904761904	0.05647104467859184	1.4527421281221864
20.455844527007716	0.1	0.04740994854202401	0.11904761904761904	0.05644041493098096	1.4527421281221864
20.465847384967134	0.1	0.047384219554030875	0.11904761904761904	0.05640978518337008	1.4527421281221864
20.47585024292655	0.1	0.047358490566037734	0.11904761904761904	0.0563791554357592	1.4527421281221864
20.48585310088597	0.1	0.04733276157804459	0.11904761904761904	0.05634852568814832	1.4527421281221864
20.495855958845386	0.1	0.04730703259005146	0.11904761904761904	0.05631789594053745	1.4527421281221864
20.505858816804803	0.1	0.047281303602058324	0.11904761904761904	0.05628726619292657	1.4527421281221864
20.51586167476422	0.1	0.04725557461406518	0.11904761904761904	0.0562566364453157	1.4527421281221864
20.525864532723638	0.1	0.04722984562607204	0.11904761904761904	0.05622600669770481	1.4527421281221864
20.535867390683052	0.1	0.0472041166380789	0.11904761904761904	0.056195376950093925	1.4527421281221864
20.54587024864247	0.1	0.04717838765008576	0.11904761904761904	0.05616474720248305	1.4527421281221864
20.555873106601886	0.1	0.047152658662092624	0.11904761904761904	0.056134117454872165	1.4527421281221864
20.565875964561304	0.1	0.04712692967409948	0.11904761904761904	0.05610348770726129	1.4527421281221864
20.57587882252072	0.1	0.04710120068610635	0.11904761904761904	0.05607285795965041	1.4527421281221864
20.58588168048014	0.1	0.04707547169811321	0.11904761904761904	0.05604222821203953	1.4527421281221864
20.595884538439556	0.1	0.047049742710120065	0.11904761904761904	0.05601159846442865	1.4527421281221864
20.605887396398973	0.1	0.04702401372212693	0.11904761904761904	0.05598096871681777	1.4527421281221864
20.61589025435839	0.1	0.04699828473413379	0.11904761904761904	0.055950338969206884	1.4527421281221864
20.625893112317808	0.1	0.04697255574614065	0.11904761904761904	0.05591970922159601	1.4527421281221864
20.635895970277222	0.1	0.046946826758147514	0.11904761904761904	0.05588907947398514	1.4527421281221864
20.64589882823664	0.1	0.04692109777015437	0.11904761904761904	0.05585844972637426	1.4527421281221864
20.655901686196056	0.1	0.04689536878216124	0.11904761904761904	0.05582781997876337	1.4527421281221864
20.665904544155474	0.1	0.0468696397941681	0.11904761904761904	0.055797190231152496	1.4527421281221864
20.67590740211489	0.1	0.046843910806174956	0.11904761904761904	0.05576656048354161	1.4527421281221864
20.68591026007431	0.1	0.046818181818181814	0.11904761904761904	0.05573593073593073	1.4527421281221864
20.695913118033726	0.1	0.04679245283018867	0.11904761904761904	0.05570530098831984	1.4527421281221864
20.705915975993143	0.1	0.04676672384219554	0.11904761904761904	0.05567467124070897	1.4527421281221864
20.71591883395256	0.1	0.046740994854202404	0.11904761904761904	0.0556440414930981	1.4527421281221864
20.725921691911974	0.1	0.04671526586620926	0.11904761904761904	0.055613411745487215	1.4527421281221864
20.73592454987139	0.1	0.04668953687821612	0.11904761904761904	0.05558278199787632	1.4527421281221864
20.74592740783081	0.1	0.04666380789022298	0.11904761904761904	0.05555215225026546	1.4527421281221864
20.755930265790226	0.1	0.046638078902229846	0.11904761904761904	0.055521522502654574	1.4527421281221864
20.765933123749644	0.1	0.046612349914236705	0.11904761904761904	0.05549089275504369	1.4527421281221864
20.77593598170906	0.1	0.04658662092624357	0.11904761904761904	0.05546026300743282	1.4527421281221864
20.78593883966848	0.1	0.04656089193825043	0.11904761904761904	0.055429633259821934	1.4527421281221864
20.795941697627896	0.1	0.04653516295025729	0.11904761904761904	0.05539900351221107	1.4527421281221864
20.805944555587313	0.1	0.04650943396226415	0.11904761904761904	0.05536837376460018	1.4527421281221864
20.815947413546727	0.1	0.04648370497427101	0.11904761904761904	0.05533774401698931	1.4527421281221864
20.825950271506144	0.1	0.04645797598627787	0.11904761904761904	0.055307114269378406	1.4527421281221864
20.83595312946556	0.1	0.04643224699828473	0.11904761904761904	0.05527648452176753	1.4527421281221864
20.84595598742498	0.1	0.046406518010291595	0.11904761904761904	0.05524585477415666	1.4527421281221864
20.855958845384396	0.1	0.04638078902229846	0.11904761904761904	0.055215225026545786	1.4527421281221864
20.865961703343814	0.1	0.04635506003430532	0.11904761904761904	0.0551845952789349	1.4527421281221864
20.87596456130323	0.1	0.04632933104631218	0.11904761904761904	0.055153965531324026	1.4527421281221864
20.88596741926265	0.1	0.046303602058319036	0.11904761904761904	0.05512333578371313	1.4527421281221864
20.895970277222066	0.1	0.046277873070325895	0.11904761904761904	0.05509270603610225	1.4527421281221864
20.905973135181483	0.1	0.04625214408233276	0.11702127659574468	0.05412484945804898	1.4527421281221864
20.915975993140897	0.1	0.046226415094339626	0.11702127659574468	0.054094741067844246	1.4527421281221864
20.925978851100314	0.1	0.046200686106346485	0.11702127659574468	0.0540646326776395	1.4527421281221864
20.93598170905973	0.1	0.046174957118353344	0.11702127659574468	0.05403452428743476	1.4527421281221864
20.94598456701915	0.1	0.0461492281303602	0.11702127659574468	0.054004415897230026	1.4527421281221864
20.955987424978566	0.1	0.04612349914236707	0.11702127659574468	0.053974307507025296	1.4527421281221864
20.965990282937984	0.1	0.04609777015437393	0.11702127659574468	0.053944199116820545	1.4527421281221864
20.9759931408974	0.1	0.046072041166380785	0.11702127659574468	0.053914090726615814	1.4527421281221864
20.98599599885682	0.1	0.04604631217838765	0.11702127659574468	0.053883982336411076	1.4527421281221864
20.995998856816236	0.1	0.04602058319039451	0.11702127659574468	0.05385387394620633	1.4527421281221864
21.00600171477565	0.1	0.045994854202401375	0.11702127659574468	0.0538237655560016	1.4527421281221864
21.016004572735067	0.1	0.045969125214408234	0.11702127659574468	0.053793657165796864	1.4527421281221864
21.026007430694484	0.1	0.04594339622641509	0.11702127659574468	0.05376354877559212	1.4527421281221864
21.0360102886539	0.1	0.04591766723842195	0.11702127659574468	0.053733440385387375	1.4527421281221864
21.04601314661332	0.1	0.04589193825042881	0.11702127659574468	0.05370333199518265	1.4527421281221864
21.056016004572736	0.1	0.045866209262435675	0.11702127659574468	0.05367322360497791	1.4527421281221864
21.066018862532154	0.1	0.04584048027444254	0.11702127659574468	0.053643115214773184	1.4527421281221864
21.07602172049157	0.1	0.0458147512864494	0.11702127659574468	0.053613006824568446	1.4527421281221864
21.08602457845099	0.1	0.04578902229845626	0.11702127659574468	0.053582898434363715	1.4527421281221864
21.096027436410406	0.1	0.04576329331046312	0.11702127659574468	0.053552790044158964	1.4527421281221864
21.10603029436982	0.1	0.04573756432246998	0.11702127659574468	0.05352268165395424	1.4527421281221864
21.116033152329237	0.1	0.04571183533447684	0.11702127659574468	0.05349257326374949	1.4527421281221864
21.126036010288654	0.1	0.04568610634648371	0.11702127659574468	0.05346246487354476	1.4527421281221864
21.13603886824807	0.1	0.045660377358490566	0.11702127659574468	0.053432356483340014	1.4527421281221864
21.14604172620749	0.1	0.045634648370497424	0.11702127659574468	0.05340224809313528	1.4527421281221864
21.156044584166906	0.1	0.04560891938250429	0.11702127659574468	0.05337213970293057	1.4527421281221864
21.166047442126324	0.1	0.04558319039451115	0.11702127659574468	0.05334203131272581	1.4527421281221864
21.17605030008574	0.1	0.04555746140651801	0.11702127659574468	0.053311922922521064	1.4527421281221864
21.18605315804516	0.1	0.045531732418524866	0.11702127659574468	0.053281814532316334	1.4527421281221864
21.196056016004572	0.1	0.04550600343053173	0.11702127659574468	0.0532517061421116	1.4527421281221864
21.20605887396399	0.1	0.0454802744425386	0.11702127659574468	0.05322159775190686	1.4527421281221864
21.216061731923407	0.1	0.045454545454545456	0.11702127659574468	0.05319148936170213	1.4527421281221864
21.226064589882824	0.1	0.045428816466552314	0.11702127659574468	0.05316138097149739	1.4527421281221864
21.23606744784224	0.1	0.04540308747855917	0.11702127659574468	0.05313127258129266	1.4527421281221864
21.24607030580166	0.1	0.04537735849056603	0.11702127659574468	0.053101164191087916	1.4527421281221864
21.256073163761076	0.1	0.0453516295025729	0.11702127659574468	0.05307105580088318	1.4527421281221864
21.266076021720494	0.1	0.04532590051457976	0.11702127659574468	0.05304094741067845	1.4527421281221864
21.27607887967991	0.1	0.04530017152658662	0.11702127659574468	0.053010839020473696	1.4527421281221864
21.286081737639325	0.1	0.04527444253859348	0.11702127659574468	0.05298073063026898	1.4527421281221864
21.296084595598742	0.1	0.04524871355060034	0.11702127659574468	0.05295062224006424	1.4527421281221864
21.30608745355816	0.1	0.045222984562607205	0.11702127659574468	0.0529205138498595	1.4527421281221864
21.316090311517577	0.1	0.04519725557461406	0.11702127659574468	0.05289040545965476	1.4527421281221864
21.326093169476994	0.1	0.04517152658662092	0.11702127659574468	0.052860297069450016	1.4527421281221864
21.33609602743641	0.1	0.04514579759862779	0.11702127659574468	0.052830188679245285	1.4527421281221864
21.34609888539583	0.1	0.045120068610634646	0.11702127659574468	0.05280008028904054	1.4527421281221864
21.356101743355246	0.1	0.04509433962264151	0.11702127659574468	0.0527699718988358	1.4527421281221864
21.366104601314664	0.1	0.04506861063464837	0.11702127659574468	0.05273986350863106	1.4527421281221864
21.37610745927408	0.1	0.04504288164665523	0.11702127659574468	0.052709755118426335	1.4527421281221864
21.386110317233495	0.1	0.04501715265866209	0.11702127659574468	0.052679646728221584	1.4527421281221864
21.396113175192912	0.1	0.044991423670668954	0.11702127659574468	0.05264953833801686	1.4527421281221864
21.40611603315233	0.1	0.04496569468267582	0.125	0.056207118353344784	1.4527421281221864
21.416118891111747	0.1	0.04493996569468268	0.12264150943396226	0.05511505226706366	1.4527421281221864
21.426121749071164	0.1	0.044914236706689536	0.12264150943396226	0.055083497847826804	1.4527421281221864
21.43612460703058	0.1	0.044888507718696395	0.12264150943396226	0.05505194342858992	1.4527421281221864
21.44612746499	0.1	0.044862778730703254	0.12264150943396226	0.055020389009353035	1.4527421281221864
21.456130322949416	0.1	0.04483704974271012	0.12264150943396226	0.05498883459011619	1.4527421281221864
21.466133180908834	0.1	0.04481132075471698	0.12264150943396226	0.05495728017087931	1.4527421281221864
21.476136038868248	0.1	0.044785591766723844	0.12264150943396226	0.05492572575164245	1.4527421281221864
21.486138896827665	0.1	0.0447598627787307	0.12264150943396226	0.05489417133240557	1.4527421281221864
21.496141754787082	0.1	0.04473413379073756	0.12264150943396226	0.0548626169131687	1.4527421281221864
21.5061446127465	0.1	0.04470840480274443	0.12264150943396226	0.054831062493931854	1.4527421281221864
21.516147470705917	0.1	0.044682675814751285	0.12264150943396226	0.054799508074694976	1.4527421281221864
21.526150328665334	0.1	0.044656946826758144	0.12264150943396226	0.054767953655458085	1.4527421281221864
21.53615318662475	0.1	0.044631217838765	0.12264150943396226	0.054736399236221235	1.4527421281221864
21.54615604458417	0.1	0.04460548885077187	0.12264150943396226	0.05470484481698437	1.4527421281221864
21.556158902543586	0.1	0.044579759862778734	0.12264150943396226	0.054673290397747494	1.4527421281221864
21.566161760503004	0.1	0.04455403087478559	0.12264150943396226	0.05464173597851064	1.4527421281221864
21.576164618462418	0.1	0.04452830188679245	0.12264150943396226	0.05461018155927377	1.4527421281221864
21.586167476421835	0.1	0.04450257289879931	0.12264150943396226	0.05457862714003688	1.4527421281221864
21.596170334381252	0.1	0.04447684391080617	0.12264150943396226	0.054547072720800026	1.4527421281221864
21.60617319234067	0.1	0.044451114922813034	0.12264150943396226	0.054515518301563155	1.4527421281221864
21.616176050300087	0.1	0.0444253859348199	0.12264150943396226	0.05448396388232629	1.4527421281221864
21.626178908259504	0.1	0.04439965694682676	0.12264150943396226	0.05445240946308942	1.4527421281221864
21.63618176621892	0.1	0.04437392795883362	0.12264150943396226	0.05442085504385255	1.4527421281221864
21.64618462417834	0.1	0.044348198970840476	0.12264150943396226	0.05438930062461567	1.4527421281221864
21.656187482137756	0.1	0.04432246998284734	0.12264150943396226	0.05435774620537882	1.4527421281221864
21.66619034009717	0.1	0.0442967409948542	0.12264150943396226	0.054326191786141946	1.4527421281221864
21.676193198056588	0.1	0.04427101200686106	0.12264150943396226	0.05429463736690507	1.4527421281221864
21.686196056016005	0.1	0.044245283018867924	0.12264150943396226	0.054263082947668226	1.4527421281221864
21.696198913975422	0.1	0.04421955403087478	0.125	0.05527444253859348	1.4527421281221864
21.70620177193484	0.1	0.04419382504288165	0.125	0.055242281303602064	1.4527421281221864
21.716204629894257	0.1	0.04416809605488851	0.125	0.05521012006861063	1.4527421281221864
21.726207487853674	0.1	0.044142367066895366	0.125	0.05517795883361921	1.4527421281221864
21.73621034581309	0.1	0.044116638078902225	0.125	0.05514579759862779	1.4527421281221864
21.74621320377251	0.1	0.04409090909090909	0.125	0.05511363636363636	1.4527421281221864
21.756216061731923	0.1	0.044065180102915956	0.125	0.055081475128644954	1.4527421281221864
21.76621891969134	0.1	0.044039451114922815	0.125	0.05504931389365353	1.4527421281221864
21.776221777650758	0.1	0.04401372212692967	0.125	0.0550171526586621	1.4527421281221864
21.786224635610175	0.1	0.04398799313893653	0.125	0.054984991423670665	1.4527421281221864
21.796227493569592	0.1	0.04396226415094339	0.125	0.05495283018867924	1.4527421281221864
21.80623035152901	0.1	0.043936535162950256	0.125	0.05492066895368783	1.4527421281221864
21.816233209488427	0.1	0.043910806174957115	0.125	0.05488850771869639	1.4527421281221864
21.826236067447844	0.1	0.04388507718696398	0.125	0.05485634648370498	1.4527421281221864
21.83623892540726	0.1	0.04385934819897084	0.125	0.05482418524871355	1.4527421281221864
21.84624178336668	0.1	0.0438336192109777	0.125	0.05479202401372212	1.4527421281221864
21.856244641326093	0.1	0.043807890222984563	0.125	0.05475986277873071	1.4527421281221864
21.86624749928551	0.1	0.04378216123499142	0.125	0.054727701543739286	1.4527421281221864
21.876250357244928	0.1	0.04375643224699828	0.125	0.054695540308747854	1.4527421281221864
21.886253215204345	0.1	0.043730703259005146	0.125	0.05466337907375644	1.4527421281221864
21.896256073163762	0.1	0.043704974271012005	0.125	0.05463121783876501	1.4527421281221864
21.90625893112318	0.1	0.04367924528301887	0.125	0.054599056603773594	1.4527421281221864
21.916261789082597	0.1	0.04365351629502573	0.125	0.054566895368782176	1.4527421281221864
21.926264647042014	0.1	0.04362778730703259	0.125	0.05453473413379073	1.4527421281221864
21.93626750500143	0.1	0.04360205831903945	0.125	0.054502572898799305	1.4527421281221864
21.946270362960846	0.1	0.043576329331046305	0.125	0.05447041166380788	1.4527421281221864
21.956273220920263	0.1	0.04355060034305317	0.125	0.05443825042881647	1.4527421281221864
21.96627607887968	0.1	0.04352487135506004	0.125	0.054406089193825044	1.4527421281221864
21.976278936839098	0.1	0.043499142367066895	0.125	0.05437392795883362	1.4527421281221864
21.986281794798515	0.1	0.043473413379073754	0.125	0.0543417667238422	1.4527421281221864
21.996284652757932	0.1	0.04344768439108061	0.125	0.05430960548885077	1.4527421281221864
22.00628751071735	0.1	0.04342195540308748	0.125	0.05427744425385935	1.4527421281221864
22.016290368676767	0.1	0.04339622641509434	0.125	0.054245283018867926	1.4527421281221864
22.026293226636184	0.1	0.043370497427101196	0.125	0.05421312178387649	1.4527421281221864
22.0362960845956	0.1	0.04334476843910806	0.125	0.05418096054888508	1.4527421281221864
22.046298942555016	0.1	0.04331903945111492	0.125	0.054148799313893645	1.4527421281221864
22.056301800514433	0.1	0.043293310463121785	0.125	0.05411663807890223	1.4527421281221864
22.06630465847385	0.1	0.043267581475128644	0.125	0.05408447684391081	1.4527421281221864
22.076307516433268	0.1	0.0432418524871355	0.125	0.05405231560891938	1.4527421281221864
22.086310374392685	0.1	0.04321612349914236	0.125	0.054020154373927945	1.4527421281221864
22.096313232352102	0.1	0.04319039451114923	0.125	0.05398799313893654	1.4527421281221864
22.10631609031152	0.1	0.04316466552315609	0.125	0.05395583190394512	1.4527421281221864
22.116318948270937	0.1	0.04313893653516295	0.125	0.05392367066895369	1.4527421281221864
22.126321806230354	0.1	0.04311320754716981	0.125	0.053891509433962266	1.4527421281221864
22.136324664189768	0.1	0.04308747855917667	0.125	0.05385934819897084	1.4527421281221864
22.146327522149186	0.1	0.04306174957118353	0.125	0.053827186963979416	1.4527421281221864
22.156330380108603	0.1	0.04303602058319039	0.125	0.053795025728988	1.4527421281221864
22.16633323806802	0.1	0.04301029159519725	0.125	0.053762864493996566	1.4527421281221864
22.176336096027438	0.1	0.04298456260720412	0.125	0.053730703259005134	1.4527421281221864
22.186338953986855	0.1	0.042958833619210976	0.125	0.05369854202401372	1.4527421281221864
22.196341811946272	0.1	0.042933104631217835	0.125	0.0536663807890223	1.4527421281221864
22.20634466990569	0.1	0.0429073756432247	0.11702127659574468	0.050210758731433165	1.4527421281221864
22.216347527865107	0.1	0.04288164665523156	0.11702127659574468	0.05018065034122843	1.4527421281221864
22.22635038582452	0.1	0.04285591766723842	0.11702127659574468	0.050150541951023676	1.4527421281221864
22.236353243783938	0.1	0.04283018867924528	0.11702127659574468	0.05012043356081895	1.4527421281221864
22.246356101743356	0.1	0.04280445969125215	0.11702127659574468	0.050090325170614215	1.4527421281221864
22.256358959702773	0.1	0.04277873070325901	0.11702127659574468	0.050060216780409485	1.4527421281221864
22.26636181766219	0.1	0.042753001715265866	0.11702127659574468	0.05003010839020474	1.4527421281221864
22.276364675621608	0.1	0.042727272727272725	0.11702127659574468	0.05	1.4527421281221864
22.286367533581025	0.1	0.042701543739279584	0.11702127659574468	0.04996989160979526	1.4527421281221864
22.296370391540442	0.1	0.04267581475128645	0.11702127659574468	0.04993978321959052	1.4527421281221864
22.30637324949986	0.1	0.04265008576329331	0.11702127659574468	0.04990967482938578	1.4527421281221864
22.316376107459277	0.1	0.04262435677530017	0.11702127659574468	0.04987956643918105	1.4527421281221864
22.32637896541869	0.1	0.04259862778730703	0.11702127659574468	0.049849458048976315	1.4527421281221864
22.336381823378108	0.1	0.04257289879931389	0.11702127659574468	0.04981934965877157	1.4527421281221864
22.346384681337526	0.1	0.042547169811320756	0.11702127659574468	0.04978924126856684	1.4527421281221864
22.356387539296943	0.1	0.042521440823327615	0.11702127659574468	0.04975913287836211	1.4527421281221864
22.36639039725636	0.1	0.042495711835334474	0.11702127659574468	0.04972902448815737	1.4527421281221864
22.376393255215778	0.1	0.04246998284734134	0.11702127659574468	0.04969891609795264	1.4527421281221864
22.386396113175195	0.1	0.0424442538593482	0.11538461538461539	0.048974139068478695	1.4527421281221864
22.396398971134612	0.1	0.042418524871355064	0.11538461538461539	0.048944451774640456	1.4527421281221864
22.40640182909403	0.1	0.04239279588336192	0.11538461538461539	0.04891476448080221	1.4527421281221864
22.416404687053443	0.1	0.04236706689536878	0.11538461538461539	0.04888507718696398	1.4527421281221864
22.42640754501286	0.1	0.04234133790737564	0.11538461538461539	0.048855389893125746	1.4527421281221864
22.436410402972278	0.1	0.0423156089193825	0.11538461538461539	0.04882570259928749	1.4527421281221864
22.446413260931696	0.1	0.042289879931389364	0.11538461538461539	0.04879601530544926	1.4527421281221864
22.456416118891113	0.1	0.04226415094339623	0.11538461538461539	0.048766328011611036	1.4527421281221864
22.46641897685053	0.1	0.04223842195540309	0.11538461538461539	0.048736640717772804	1.4527421281221864
22.476421834809948	0.1	0.04221269296740995	0.11538461538461539	0.048706953423934565	1.4527421281221864
22.486424692769365	0.1	0.042186963979416806	0.11538461538461539	0.048677266130096306	1.4527421281221864
22.496427550728782	0.1	0.04216123499142367	0.11538461538461539	0.048647578836258074	1.4527421281221864
22.506430408688196	0.1	0.04213550600343053	0.11538461538461539	0.04861789154241984	1.4527421281221864
22.516433266647613	0.1	0.04210977701543739	0.11538461538461539	0.04858820424858161	1.4527421281221864
22.52643612460703	0.1	0.042084048027444254	0.11538461538461539	0.048558516954743364	1.4527421281221864
22.536438982566448	0.1	0.04205831903945111	0.11538461538461539	0.04852882966090512	1.4527421281221864
22.546441840525866	0.1	0.04203259005145798	0.11538461538461539	0.04849914236706691	1.4527421281221864
22.556444698485283	0.1	0.04200686106346484	0.11538461538461539	0.04846945507322867	1.4527421281221864
22.5664475564447	0.1	0.041981132075471696	0.11538461538461539	0.04843976777939041	1.4527421281221864
22.576450414404118	0.1	0.041955403087478554	0.11538461538461539	0.04841008048555219	1.4527421281221864
22.586453272363535	0.1	0.04192967409948542	0.11538461538461539	0.04838039319171396	1.4527421281221864
22.596456130322952	0.1	0.041903945111492286	0.11538461538461539	0.04835070589787571	1.4527421281221864
22.606458988282366	0.1	0.041878216123499144	0.11538461538461539	0.04832101860403748	1.4527421281221864
22.616461846241783	0.1	0.041852487135506	0.11538461538461539	0.04829133131019923	1.4527421281221864
22.6264647042012	0.1	0.04182675814751286	0.11538461538461539	0.048261644016360995	1.4527421281221864
22.636467562160618	0.1	0.04180102915951972	0.11538461538461539	0.048231956722522756	1.4527421281221864
22.646470420120036	0.1	0.041775300171526586	0.11538461538461539	0.048202269428684524	1.4527421281221864
22.656473278079453	0.1	0.041749571183533445	0.11538461538461539	0.04817258213484628	1.4527421281221864
22.66647613603887	0.1	0.04172384219554031	0.11538461538461539	0.04814289484100804	1.4527421281221864
22.676478993998288	0.1	0.04169811320754717	0.11538461538461539	0.048113207547169815	1.4527421281221864
22.686481851957705	0.1	0.04167238421955403	0.11538461538461539	0.048083520253331576	1.4527421281221864
22.69648470991712	0.1	0.04164665523156089	0.11538461538461539	0.04805383295949334	1.4527421281221864
22.706487567876536	0.1	0.04162092624356775	0.11538461538461539	0.048024145665655105	1.4527421281221864
22.716490425835953	0.1	0.04159519725557461	0.11538461538461539	0.04799445837181685	1.4527421281221864
22.72649328379537	0.1	0.041569468267581476	0.11538461538461539	0.04796477107797862	1.4527421281221864
22.736496141754788	0.1	0.041543739279588335	0.11538461538461539	0.04793508378414039	1.4527421281221864
22.746498999714206	0.1	0.0415180102915952	0.11702127659574468	0.048584905660377355	1.4527421281221864
22.756501857673623	0.1	0.04149228130360206	0.11702127659574468	0.048554797270172624	1.4527421281221864
22.76650471563304	0.1	0.04146655231560892	0.11702127659574468	0.04852468887996788	1.4527421281221864
22.776507573592458	0.1	0.041440823327615776	0.11702127659574468	0.048494580489763135	1.4527421281221864
22.786510431551875	0.1	0.041415094339622635	0.11702127659574468	0.04846447209955841	1.4527421281221864
22.79651328951129	0.1	0.0413893653516295	0.11702127659574468	0.048434363709353674	1.4527421281221864
22.806516147470706	0.1	0.041363636363636366	0.11702127659574468	0.04840425531914893	1.4527421281221864
22.816519005430123	0.1	0.041337907375643225	0.11702127659574468	0.048374146928944206	1.4527421281221864
22.82652186338954	0.1	0.041312178387650084	0.11702127659574468	0.04834403853873946	1.4527421281221864
22.836524721348958	0.1	0.04128644939965694	0.11702127659574468	0.04831393014853472	1.4527421281221864
22.846527579308376	0.1	0.04126072041166381	0.11702127659574468	0.04828382175832998	1.4527421281221864
22.856530437267793	0.1	0.04123499142367067	0.11702127659574468	0.04825371336812524	1.4527421281221864
22.86653329522721	0.1	0.04120926243567753	0.11702127659574468	0.04822360497792052	1.4527421281221864
22.876536153186628	0.1	0.04118353344768439	0.11702127659574468	0.04819349658771578	1.4527421281221864
22.88653901114604	0.1	0.04115780445969125	0.11702127659574468	0.048163388197511044	1.4527421281221864
22.89654186910546	0.1	0.041132075471698115	0.11702127659574468	0.048133279807306306	1.4527421281221864
22.906544727064876	0.1	0.041106346483704974	0.11904761904761904	0.04893612676631544	1.4527421281221864
22.916547585024293	0.1	0.04108061749571183	0.11904761904761904	0.048905497018704565	1.4527421281221864
22.92655044298371	0.1	0.04105488850771869	0.11904761904761904	0.04887486727109368	1.4527421281221864
22.936553300943128	0.1	0.04102915951972556	0.11904761904761904	0.04884423752348281	1.4527421281221864
22.946556158902546	0.1	0.04100343053173242	0.11904761904761904	0.04881360777587193	1.4527421281221864
22.956559016861963	0.1	0.04097770154373928	0.11904761904761904	0.04878297802826105	1.4527421281221864
22.96656187482138	0.1	0.04095197255574614	0.11904761904761904	0.04875234828065017	1.4527421281221864
22.976564732780794	0.1	0.040926243567753	0.11904761904761904	0.04872171853303928	1.4527421281221864
22.98656759074021	0.1	0.04090051457975986	0.11904761904761904	0.0486910887854284	1.4527421281221864
22.99657044869963	0.1	0.04087478559176672	0.11904761904761904	0.048660459037817516	1.4527421281221864
23.006573306659046	0.1	0.04084905660377358	0.11904761904761904	0.04862982929020665	1.4527421281221864
23.016576164618463	0.1	0.04082332761578045	0.11904761904761904	0.048599199542595777	1.4527421281221864
23.02657902257788	0.1	0.040797598627787306	0.11904761904761904	0.048568569794984875	1.4527421281221864
23.036581880537298	0.1	0.040771869639794164	0.11904761904761904	0.048537940047374016	0.5229320327683895
23.046584738496716	0.1	0.04074614065180103	0.11904761904761904	0.04850731029976313	0.5229320327683895
23.056587596456133	0.1	0.04072041166380789	0.11904761904761904	0.048476680552152256	0.5229320327683895
23.06659045441555	0.1	0.04069468267581475	0.11904761904761904	0.04844605080454136	0.5229320327683895
23.076593312374964	0.1	0.04066895368782161	0.11904761904761904	0.048415421056930495	0.5229320327683895
23.08659617033438	0.1	0.04064322469982847	0.11904761904761904	0.04838479130931961	0.5229320327683895
23.0965990282938	0.1	0.04061749571183534	0.11904761904761904	0.04835416156170874	0.5229320327683895
23.106601886253216	0.1	0.040591766723842196	0.11904761904761904	0.04832353181409785	0.5229320327683895
23.116604744212633	0.1	0.040566037735849055	0.11904761904761904	0.048292902066486974	0.5229320327683895
23.12660760217205	0.1	0.04054030874785591	0.11904761904761904	0.048262272318876094	0.5229320327683895
23.136610460131468	0.1	0.04051457975986278	0.11904761904761904	0.04823164257126521	0.5229320327683895
23.146613318090886	0.1	0.04048885077186964	0.11904761904761904	0.04820101282365433	0.5229320327683895
23.156616176050303	0.1	0.0404631217838765	0.11904761904761904	0.04817038307604345	0.5229320327683895
23.166619034009717	0.1	0.04043739279588336	0.11904761904761904	0.04813975332843257	0.5229320327683895
23.176621891969134	0.1	0.04041166380789022	0.11904761904761904	0.04810912358082169	0.5229320327683895
23.18662474992855	0.1	0.04038593481989708	0.11904761904761904	0.048078493833210806	0.5229320327683895
23.19662760788797	0.1	0.040360205831903945	0.11904761904761904	0.048047864085599926	0.5229320327683895
23.206630465847386	0.1	0.0403344768439108	0.11904761904761904	0.04801723433798905	0.5229320327683895
23.216633323806803	0.1	0.04030874785591767	0.11904761904761904	0.04798660459037817	0.5229320327683895
23.22663618176622	0.1	0.04028301886792453	0.11904761904761904	0.0479559748427673	0.5229320327683895
23.236639039725638	0.1	0.040257289879931386	0.11904761904761904	0.04792534509515641	0.5229320327683895
23.246641897685056	0.1	0.04023156089193825	0.11904761904761904	0.04789471534754554	0.5229320327683895
23.256644755644473	0.1	0.04020583190394511	0.11904761904761904	0.047864085599934665	0.5229320327683895
23.266647613603887	0.1	0.04018010291595197	0.11904761904761904	0.04783345585232377	0.5229320327683895
23.276650471563304	0.1	0.04015437392795883	0.11904761904761904	0.04780282610471289	0.5229320327683895
23.28665332952272	0.1	0.040128644939965694	0.11904761904761904	0.04777219635710202	0.5229320327683895
23.29665618748214	0.1	0.04010291595197256	0.11904761904761904	0.04774156660949114	0.5229320327683895
23.306659045441556	0.1	0.04007718696397942	0.11904761904761904	0.047710936861880264	0.5229320327683895
23.316661903400973	0.1	0.04005145797598628	0.11904761904761904	0.04768030711426937	0.5229320327683895
23.32666476136039	0.1	0.040025728987993135	0.11904761904761904	0.04764967736665849	0.5229320327683895
23.336667619319808	0.1	0.039999999999999994	0.11904761904761904	0.04761904761904761	0.5229320327683895
23.346670477279226	0.1	0.03997427101200686	0.11904761904761904	0.04758841787143673	0.5229320327683895
23.35667333523864	0.1	0.039948542024013725	0.11904761904761904	0.04755778812382586	0.5229320327683895
23.366676193198057	0.1	0.039922813036020584	0.11904761904761904	0.04752715837621498	0.5229320327683895
23.376679051157474	0.1	0.03989708404802744	0.11904761904761904	0.047496528628604096	0.5229320327683895
23.38668190911689	0.1	0.0398713550600343	0.11904761904761904	0.047465898880993215	0.5229320327683895
23.39668476707631	0.1	0.03984562607204117	0.11904761904761904	0.047435269133382335	0.5229320327683895
23.406687625035726	0.1	0.039819897084048025	0.11904761904761904	0.04740463938577146	0.5229320327683895
23.416690482995143	0.1	0.039794168096054884	0.11904761904761904	0.04737400963816057	0.5229320327683895
23.42669334095456	0.1	0.03976843910806175	0.11904761904761904	0.04734337989054971	0.5229320327683895
23.436696198913978	0.1	0.03974271012006861	0.11904761904761904	0.047312750142938814	0.5229320327683895
23.446699056873392	0.1	0.039716981132075474	0.11904761904761904	0.047282120395327955	0.5229320327683895
23.45670191483281	0.1	0.03969125214408233	0.11904761904761904	0.04725149064771706	0.5229320327683895
23.466704772792227	0.1	0.03966552315608919	0.11904761904761904	0.04722086090010618	0.5229320327683895
23.476707630751644	0.1	0.03963979416809605	0.11904761904761904	0.04719023115249531	0.5229320327683895
23.48671048871106	0.1	0.039614065180102916	0.11904761904761904	0.04715960140488442	0.5229320327683895
23.49671334667048	0.1	0.039588336192109774	0.11904761904761904	0.04712897165727354	0.5229320327683895
23.506716204629896	0.1	0.03956260720411664	0.11904761904761904	0.047098341909662673	0.5229320327683895
23.516719062589313	0.1	0.0395368782161235	0.11904761904761904	0.047067712162051786	0.5229320327683895
23.52672192054873	0.1	0.03951114922813036	0.11904761904761904	0.047037082414440906	0.5229320327683895
23.536724778508148	0.1	0.039485420240137216	0.11904761904761904	0.047006452666830026	0.5229320327683895
23.546727636467562	0.1	0.03945969125214408	0.11904761904761904	0.046975822919219146	0.5229320327683895
23.55673049442698	0.1	0.03943396226415094	0.11904761904761904	0.04694519317160826	0.5229320327683895
23.566733352386397	0.1	0.039408233276157806	0.11904761904761904	0.046914563423997385	0.5229320327683895
23.576736210345814	0.1	0.039382504288164664	0.11904761904761904	0.046883933676386505	0.5229320327683895
23.58673906830523	0.1	0.03935677530017152	0.11904761904761904	0.04685330392877562	0.5229320327683895
23.59674192626465	0.1	0.03933104631217839	0.11904761904761904	0.04682267418116475	0.5229320327683895
23.606744784224066	0.1	0.03930531732418525	0.11904761904761904	0.04679204443355387	0.5229320327683895
23.616747642183483	0.1	0.039279588336192106	0.11904761904761904	0.04676141468594299	0.5229320327683895
23.6267505001429	0.1	0.03925385934819897	0.11904761904761904	0.046730784938332104	0.5229320327683895
23.636753358102315	0.1	0.03922813036020583	0.11904761904761904	0.046700155190721224	0.5229320327683895
23.646756216061732	0.1	0.039202401372212696	0.11904761904761904	0.04666952544311036	0.5229320327683895
23.65675907402115	0.1	0.039176672384219555	0.11904761904761904	0.04663889569549947	0.5229320327683895
23.666761931980567	0.1	0.03915094339622641	0.11904761904761904	0.04660826594788859	0.5229320327683895
23.676764789939984	0.1	0.03912521440823327	0.11904761904761904	0.0465776362002777	0.5229320327683895
23.6867676478994	0.1	0.03909948542024013	0.11904761904761904	0.046547006452666816	0.5229320327683895
23.69677050585882	0.1	0.039073756432246996	0.11904761904761904	0.046516376705055956	0.5229320327683895
23.706773363818236	0.1	0.03904802744425386	0.11904761904761904	0.04648574695744507	0.5229320327683895
23.716776221777653	0.1	0.03902229845626072	0.11904761904761904	0.04645511720983418	0.5229320327683895
23.72677907973707	0.1	0.03899656946826758	0.11904761904761904	0.0464244874622233	0.5229320327683895
23.736781937696485	0.1	0.03897084048027444	0.11904761904761904	0.04639385771461243	0.5229320327683895
23.746784795655902	0.1	0.038945111492281304	0.11904761904761904	0.04636322796700156	0.5229320327683895
23.75678765361532	0.1	0.03891938250428816	0.11904761904761904	0.046332598219390675	0.5229320327683895
23.766790511574737	0.1	0.03889365351629502	0.11904761904761904	0.04630196847177978	0.5229320327683895
23.776793369534154	0.1	0.038867924528301886	0.11904761904761904	0.04627133872416891	0.5229320327683895
23.78679622749357	0.1	0.038842195540308745	0.11904761904761904	0.04624070897655803	0.5229320327683895
23.79679908545299	0.1	0.03881646655231561	0.11904761904761904	0.04621007922894715	0.5229320327683895
23.806801943412406	0.1	0.03879073756432247	0.11904761904761904	0.046179449481336274	0.5229320327683895
23.816804801371823	0.1	0.03876500857632933	0.11904761904761904	0.04614881973372539	0.5229320327683895
23.826807659331237	0.1	0.03873927958833619	0.11904761904761904	0.046118189986114506	0.5229320327683895
23.836810517290655	0.1	0.03871355060034305	0.11904761904761904	0.04608756023850363	0.5229320327683895
23.846813375250072	0.1	0.03868782161234992	0.11904761904761904	0.04605693049089276	0.5229320327683895
23.85681623320949	0.1	0.03866209262435678	0.11904761904761904	0.04602630074328187	0.5229320327683895
23.866819091168907	0.1	0.038636363636363635	0.11904761904761904	0.04599567099567099	0.5229320327683895
23.876821949128324	0.1	0.038610634648370494	0.11904761904761904	0.045965041248060105	0.5229320327683895
23.88682480708774	0.1	0.03858490566037735	0.11904761904761904	0.045934411500449225	0.5229320327683895
23.89682766504716	0.1	0.03855917667238422	0.11904761904761904	0.04590378175283835	0.5229320327683895
23.906830523006576	0.1	0.03853344768439108	0.11904761904761904	0.04587315200522748	0.5229320327683895
23.91683338096599	0.1	0.03850771869639794	0.11904761904761904	0.04584252225761659	0.5229320327683895
23.926836238925407	0.1	0.0384819897084048	0.11702127659574468	0.04503211561621838	0.5229320327683895
23.936839096884825	0.1	0.03845626072041167	0.11702127659574468	0.04500200722601365	0.5229320327683895
23.946841954844242	0.1	0.038430531732418526	0.11702127659574468	0.04497189883580891	0.5229320327683895
23.95684481280366	0.1	0.038404802744425384	0.11702127659574468	0.044941790445604174	0.5229320327683895
23.966847670763077	0.1	0.03837907375643224	0.11702127659574468	0.04491168205539943	0.5229320327683895
23.976850528722494	0.1	0.03835334476843911	0.11702127659574468	0.0448815736651947	0.5229320327683895
23.98685338668191	0.1	0.03832761578044597	0.11702127659574468	0.04485146527498996	0.5229320327683895
23.99685624464133	0.1	0.03830188679245283	0.11702127659574468	0.04482135688478524	0.5229320327683895
24.006859102600746	0.1	0.03827615780445969	0.11702127659574468	0.04479124849458049	0.5229320327683895
24.01686196056016	0.1	0.03825042881646655	0.11702127659574468	0.04476114010437575	0.5229320327683895
24.026864818519577	0.1	0.03822469982847341	0.11702127659574468	0.04473103171417101	0.5229320327683895
24.036867676478995	0.1	0.038198970840480274	0.11702127659574468	0.04470092332396628	0.5229320327683895
24.046870534438412	0.1	0.03817324185248713	0.11702127659574468	0.044670814933761537	0.5229320327683895
24.05687339239783	0.1	0.038147512864494	0.11702127659574468	0.044640706543556806	0.5229320327683895
24.066876250357247	0.1	0.03812178387650086	0.11702127659574468	0.04461059815335207	0.5229320327683895
24.076879108316664	0.1	0.038096054888507716	0.11702127659574468	0.044580489763147324	0.5229320327683895
24.08688196627608	0.1	0.03807032590051458	0.11702127659574468	0.04455038137294261	0.5229320327683895
24.0968848242355	0.1	0.03804459691252144	0.11702127659574468	0.044520272982737856	0.5229320327683895
24.106887682194913	0.1	0.0380188679245283	0.11702127659574468	0.04449016459253311	0.5229320327683895
24.11689054015433	0.1	0.037993138936535165	0.11702127659574468	0.04446005620232839	0.5229320327683895
24.126893398113747	0.1	0.03796740994854202	0.11702127659574468	0.04442994781212364	0.5229320327683895
24.136896256073165	0.1	0.03794168096054889	0.11702127659574468	0.04439983942191891	0.5229320327683895
24.146899114032582	0.1	0.03791595197255575	0.11702127659574468	0.044369731031714175	0.5229320327683895
24.156901971992	0.1	0.037890222984562606	0.11702127659574468	0.044339622641509424	0.5229320327683895
24.166904829951417	0.1	0.037864493996569465	0.11702127659574468	0.04430951425130469	0.5229320327683895
24.176907687910834	0.1	0.037838765008576324	0.11702127659574468	0.044279405861099956	0.5229320327683895
24.18691054587025	0.1	0.03781303602058319	0.11702127659574468	0.04424929747089522	0.5229320327683895
24.19691340382967	0.1	0.037787307032590055	0.11702127659574468	0.04421918908069049	0.5229320327683895
24.206916261789083	0.1	0.037761578044596913	0.11702127659574468	0.04418908069048575	0.5229320327683895
24.2169191197485	0.1	0.03773584905660377	0.11702127659574468	0.044158972300281006	0.5229320327683895
24.226921977707917	0.1	0.03771012006861063	0.11702127659574468	0.044128863910076276	0.5229320327683895
24.236924835667335	0.1	0.037684391080617496	0.11702127659574468	0.04409875551987154	0.5229320327683895
24.246927693626752	0.1	0.037658662092624355	0.11702127659574468	0.044068647129666794	0.5229320327683895
24.25693055158617	0.1	0.037632933104631214	0.11702127659574468	0.04403853873946206	0.5229320327683895
24.266933409545587	0.1	0.03760720411663808	0.11702127659574468	0.044008430349257326	0.5229320327683895
24.276936267505004	0.1	0.03758147512864494	0.11702127659574468	0.04397832195905258	0.5229320327683895
24.28693912546442	0.1	0.037555746140651804	0.11702127659574468	0.04394821356884786	0.5229320327683895
24.296941983423835	0.1	0.03753001715265866	0.11702127659574468	0.04391810517864312	0.5229320327683895
24.306944841383253	0.1	0.03750428816466552	0.11702127659574468	0.043887996788438376	0.5229320327683895
24.31694769934267	0.1	0.03747855917667238	0.11702127659574468	0.04385788839823363	0.5229320327683895
24.326950557302087	0.1	0.037452830188679245	0.11702127659574468	0.04382778000802891	0.5229320327683895
24.336953415261505	0.1	0.03742710120068611	0.11702127659574468	0.04379767161782417	0.5229320327683895
24.346956273220922	0.1	0.03740137221269297	0.11702127659574468	0.04376756322761944	0.5229320327683895
24.35695913118034	0.1	0.03737564322469983	0.11702127659574468	0.043737454837414695	0.5229320327683895
24.366961989139757	0.1	0.03734991423670669	0.11702127659574468	0.04370734644720996	0.5229320327683895
24.376964847099174	0.1	0.037324185248713546	0.11702127659574468	0.04367723805700522	0.5229320327683895
24.386967705058588	0.1	0.03729845626072041	0.11904761904761904	0.04440292411990525	0.5229320327683895
24.396970563018005	0.1	0.03727272727272727	0.11904761904761904	0.04437229437229436	0.5229320327683895
24.406973420977423	0.1	0.037246998284734135	0.11904761904761904	0.044341664624683495	0.5229320327683895
24.41697627893684	0.1	0.037221269296740994	0.11904761904761904	0.04431103487707261	0.5229320327683895
24.426979136896257	0.1	0.03719554030874785	0.11904761904761904	0.044280405129461735	0.5229320327683895
24.436981994855675	0.1	0.03716981132075472	0.11904761904761904	0.044249775381850855	0.5229320327683895
24.446984852815092	0.1	0.03714408233276158	0.11904761904761904	0.044219145634239974	0.5229320327683895
24.45698771077451	0.1	0.037118353344768436	0.11904761904761904	0.044188515886629094	0.5229320327683895
24.466990568733927	0.1	0.0370926243567753	0.11904761904761904	0.044157886139018214	0.5229320327683895
24.476993426693344	0.1	0.03706689536878216	0.11904761904761904	0.044127256391407334	0.5229320327683895
24.486996284652758	0.1	0.037041166380789026	0.11904761904761904	0.04409662664379646	0.5229320327683895
24.496999142612175	0.1	0.037015437392795884	0.11904761904761904	0.04406599689618559	0.5229320327683895
24.507002000571593	0.1	0.03698970840480274	0.11904761904761904	0.044035367148574686	0.5229320327683895
24.51700485853101	0.1	0.0369639794168096	0.10975609756097561	0.04057022131113249	0.5229320327683895
24.527007716490427	0.1	0.03693825042881646	0.10975609756097561	0.04054198217796928	0.5229320327683895
24.537010574449845	0.1	0.036912521440823326	0.10975609756097561	0.040513743044806094	0.5229320327683895
24.547013432409262	0.1	0.03688679245283019	0.10975609756097561	0.0404855039116429	0.5229320327683895
24.55701629036868	0.1	0.03686106346483705	0.10975609756097561	0.04045726477847968	0.5229320327683895
24.567019148328097	0.1	0.03683533447684391	0.10975609756097561	0.04042902564531649	0.5229320327683895
24.57702200628751	0.1	0.03680960548885077	0.10975609756097561	0.04040078651215328	0.5229320327683895
24.587024864246928	0.1	0.03678387650085763	0.10975609756097561	0.04037254737899008	0.5229320327683895
24.597027722206345	0.1	0.03675814751286449	0.10975609756097561	0.04034430824582688	0.5229320327683895
24.607030580165763	0.1	0.03673241852487136	0.10975609756097561	0.04031606911266369	0.5229320327683895
24.61703343812518	0.1	0.036706689536878216	0.10975609756097561	0.04028782997950048	0.5229320327683895
24.627036296084597	0.1	0.036680960548885075	0.10975609756097561	0.04025959084633728	0.5229320327683895
24.637039154044015	0.1	0.03665523156089194	0.10975609756097561	0.04023135171317408	0.5229320327683895
24.647042012003432	0.1	0.0366295025728988	0.1111111111111111	0.04069944730322089	0.5229320327683895
24.65704486996285	0.1	0.03660377358490566	0.1111111111111111	0.04067085953878406	0.5229320327683895
24.667047727922267	0.1	0.036578044596912516	0.1111111111111111	0.04064227177434724	0.5229320327683895
24.67705058588168	0.1	0.03655231560891938	0.1111111111111111	0.040613684009910424	0.5229320327683895
24.687053443841098	0.1	0.03652658662092625	0.1111111111111111	0.04058509624547361	0.5229320327683895
24.697056301800515	0.1	0.036500857632933106	0.1111111111111111	0.040556508481036785	0.5229320327683895
24.707059159759932	0.1	0.036475128644939965	0.1111111111111111	0.04052792071659996	0.5229320327683895
24.71706201771935	0.1	0.036449399656946824	0.1111111111111111	0.04049933295216314	0.5229320327683895
24.727064875678767	0.1	0.03642367066895368	0.1111111111111111	0.040470745187726316	0.5229320327683895
24.737067733638185	0.1	0.03639794168096055	0.1111111111111111	0.0404421574232895	0.5229320327683895
24.747070591597602	0.1	0.03637221269296741	0.12162162162162163	0.04423647489685225	0.5229320327683895
24.75707344955702	0.1	0.03634648370497427	0.12162162162162163	0.04420518288442817	0.5229320327683895
24.767076307516433	0.1	0.03632075471698113	0.12162162162162163	0.04417389087200408	0.5229320327683895
24.77707916547585	0.1	0.03629502572898799	0.125	0.04536878216123499	0.5229320327683895
24.787082023435268	0.1	0.036269296740994855	0.125	0.045336620926243576	0.5229320327683895
24.797084881394685	0.1	0.036243567753001714	0.125	0.04530445969125214	0.5229320327683895
24.807087739354102	0.1	0.03621783876500857	0.125	0.04527229845626072	0.5229320327683895
24.81709059731352	0.1	0.03619210977701544	0.125	0.045240137221269294	0.5229320327683895
24.827093455272937	0.1	0.0361663807890223	0.125	0.045207975986277876	0.5229320327683895
24.837096313232355	0.1	0.03614065180102916	0.125	0.04517581475128645	0.5229320327683895
24.847099171191772	0.1	0.03611492281303602	0.125	0.045143653516295026	0.5229320327683895
24.857102029151186	0.1	0.03608919382504288	0.125	0.0451114922813036	0.5229320327683895
24.867104887110603	0.1	0.03606346483704974	0.125	0.04507933104631218	0.5229320327683895
24.87710774507002	0.1	0.0360377358490566	0.125	0.045047169811320745	0.5229320327683895
24.887110603029438	0.1	0.03601200686106346	0.125	0.04501500857632933	0.5229320327683895
24.897113460988855	0.1	0.03598627787307033	0.125	0.04498284734133791	0.5229320327683895
24.907116318948272	0.1	0.03596054888507719	0.125	0.044950686106346484	0.5229320327683895
24.91711917690769	0.1	0.035934819897084046	0.125	0.04491852487135506	0.5229320327683895
24.927122034867107	0.1	0.035909090909090904	0.125	0.044886363636363634	0.5229320327683895
24.937124892826525	0.1	0.03588336192109777	0.125	0.04485420240137221	0.5229320327683895
24.947127750785942	0.1	0.03585763293310463	0.125	0.04482204116638078	0.5229320327683895
24.957130608745356	0.1	0.035831903945111494	0.125	0.044789879931389366	0.5229320327683895
24.967133466704773	0.1	0.03580617495711835	0.125	0.04475771869639794	0.5229320327683895
24.97713632466419	0.1	0.03578044596912521	0.12962962962962962	0.04638205958960676	0.5229320327683895
24.987139182623608	0.1	0.03575471698113208	0.12962962962962962	0.0463487071977638	0.5229320327683895
24.997142040583025	0.1	0.035728987993138936	0.12962962962962962	0.04631535480592084	0.5229320327683895
25.007144898542442	0.1	0.035703259005145795	0.12962962962962962	0.046282002414077886	0.5229320327683895
25.01714775650186	0.1	0.03567753001715265	0.12962962962962962	0.04624865002223492	0.5229320327683895
25.027150614461277	0.1	0.03565180102915952	0.12962962962962962	0.04621529763039197	0.5229320327683895
25.037153472420695	0.1	0.035626072041166384	0.12962962962962962	0.04618194523854901	0.5229320327683895
25.04715633038011	0.1	0.03560034305317324	0.12962962962962962	0.046148592846706055	0.5229320327683895
25.057159188339526	0.1	0.0355746140651801	0.12962962962962962	0.04611524045486309	0.5229320327683895
25.067162046298943	0.1	0.03554888507718696	0.12962962962962962	0.04608188806302014	0.5229320327683895
25.07716490425836	0.1	0.03552315608919382	0.12962962962962962	0.04604853567117717	0.5229320327683895
25.087167762217778	0.1	0.035497427101200685	0.12962962962962962	0.046015183279334224	0.5229320327683895
25.097170620177195	0.1	0.03547169811320755	0.12962962962962962	0.04598183088749127	0.5229320327683895
25.107173478136612	0.1	0.03544596912521441	0.12962962962962962	0.0459484784956483	0.5229320327683895
25.11717633609603	0.1	0.03542024013722127	0.12962962962962962	0.04591512610380535	0.5229320327683895
25.127179194055447	0.1	0.035394511149228126	0.12962962962962962	0.04588177371196239	0.5229320327683895
25.137182052014865	0.1	0.03536878216123499	0.12962962962962962	0.04584842132011944	0.5229320327683895
25.14718490997428	0.1	0.03534305317324185	0.12962962962962962	0.04581506892827647	0.5229320327683895
25.157187767933696	0.1	0.03531732418524871	0.12962962962962962	0.045781716536433516	0.5229320327683895
25.167190625893113	0.1	0.035291595197255575	0.12962962962962962	0.04574836414459056	0.5229320327683895
25.17719348385253	0.1	0.035265866209262434	0.12962962962962962	0.04571501175274759	0.5229320327683895
25.187196341811948	0.1	0.0352401372212693	0.12962962962962962	0.045681659360904646	0.5229320327683895
25.197199199771365	0.1	0.03521440823327616	0.12962962962962962	0.045648306969061685	0.5229320327683895
25.207202057730782	0.1	0.03518867924528302	0.12962962962962962	0.04561495457721872	0.5229320327683895
25.2172049156902	0.1	0.035162950257289875	0.12962962962962962	0.04558160218537576	0.5229320327683895
25.227207773649617	0.1	0.035137221269296734	0.12962962962962962	0.045548249793532794	0.5229320327683895
25.23721063160903	0.1	0.0351114922813036	0.12962962962962962	0.04551489740168986	0.5229320327683895
25.24721348956845	0.1	0.035085763293310465	0.12962962962962962	0.045481545009846906	0.5229320327683895
25.257216347527866	0.1	0.035060034305317324	0.12962962962962962	0.04544819261800394	0.5229320327683895
25.267219205487283	0.1	0.03503430531732418	0.12962962962962962	0.04541484022616098	0.5229320327683895
25.2772220634467	0.1	0.03500857632933104	0.12962962962962962	0.045381487834318016	0.5229320327683895
25.287224921406118	0.1	0.03498284734133791	0.12962962962962962	0.045348135442475075	0.5229320327683895
25.297227779365535	0.1	0.034957118353344765	0.12962962962962962	0.0453147830506321	0.5229320327683895
25.307230637324952	0.1	0.03493138936535163	0.12962962962962962	0.045281430658789146	0.5229320327683895
25.31723349528437	0.1	0.03490566037735849	0.12962962962962962	0.04524807826694619	0.5229320327683895
25.327236353243784	0.1	0.03487993138936535	0.12962962962962962	0.04521472587510323	0.5229320327683895
25.3372392112032	0.1	0.034854202401372214	0.12962962962962962	0.04518137348326027	0.5229320327683895
25.34724206916262	0.1	0.03482847341337907	0.12962962962962962	0.045148021091417315	0.5229320327683895
25.357244927122036	0.1	0.03480274442538593	0.12962962962962962	0.04511466869957436	0.5229320327683895
25.367247785081453	0.1	0.03477701543739279	0.12962962962962962	0.0450813163077314	0.5229320327683895
25.37725064304087	0.1	0.034751286449399656	0.12962962962962962	0.045047963915888445	0.5229320327683895
25.387253501000288	0.1	0.03472555746140652	0.12962962962962962	0.04501461152404549	0.5229320327683895
25.397256358959705	0.1	0.03469982847341338	0.12962962962962962	0.044981259132202536	0.5229320327683895
25.407259216919122	0.1	0.03467409948542024	0.12962962962962962	0.04494790674035957	0.5229320327683895
25.41726207487854	0.1	0.0346483704974271	0.12962962962962962	0.04491455434851661	0.5229320327683895
25.427264932837954	0.1	0.034622641509433956	0.12962962962962962	0.04488120195667365	0.5229320327683895
25.43726779079737	0.1	0.03459691252144082	0.12962962962962962	0.0448478495648307	0.5229320327683895
25.44727064875679	0.1	0.03457118353344769	0.12962962962962962	0.044814497172987744	0.5229320327683895
25.457273506716206	0.1	0.034545454545454546	0.12962962962962962	0.04478114478114479	0.5229320327683895
25.467276364675623	0.1	0.034519725557461405	0.12962962962962962	0.044747792389301815	0.5229320327683895
25.47727922263504	0.1	0.03449399656946826	0.12962962962962962	0.04471443999745886	0.5229320327683895
25.487282080594458	0.1	0.03446826758147513	0.12962962962962962	0.04468108760561592	0.5229320327683895
25.497284938553875	0.1	0.03444253859348199	0.12962962962962962	0.04464773521377295	0.5229320327683895
25.507287796513292	0.1	0.034416809605488846	0.12962962962962962	0.04461438282192999	0.5229320327683895
25.517290654472706	0.1	0.03439108061749571	0.12962962962962962	0.044581030430087036	0.5229320327683895
25.527293512432124	0.1	0.03436535162950258	0.12962962962962962	0.04454767803824408	0.5229320327683895
25.53729637039154	0.1	0.034339622641509436	0.12962962962962962	0.044514325646401114	0.5229320327683895
25.54729922835096	0.1	0.034313893653516295	0.12962962962962962	0.044480973254558166	0.5229320327683895
25.557302086310376	0.1	0.03428816466552315	0.12962962962962962	0.044447620862715205	0.5229320327683895
25.567304944269793	0.1	0.03426243567753002	0.12962962962962962	0.04441426847087225	0.5229320327683895
25.57730780222921	0.1	0.03423670668953688	0.12962962962962962	0.044380916079029276	0.5229320327683895
25.587310660188628	0.1	0.03421097770154374	0.12962962962962962	0.044347563687186335	0.5229320327683895
25.597313518148045	0.1	0.0341852487135506	0.12962962962962962	0.044314211295343374	0.5229320327683895
25.607316376107462	0.1	0.03415951972555746	0.12962962962962962	0.044280858903500406	0.5229320327683895
25.617319234066876	0.1	0.034133790737564326	0.12962962962962962	0.044247506511657465	0.5229320327683895
25.627322092026294	0.1	0.034108061749571185	0.12962962962962962	0.044214154119814504	0.5229320327683895
25.63732494998571	0.1	0.034082332761578044	0.12962962962962962	0.044180801727971536	0.5229320327683895
25.64732780794513	0.1	0.0340566037735849	0.12962962962962962	0.04414744933612858	0.5229320327683895
25.657330665904546	0.1	0.03403087478559177	0.12962962962962962	0.04411409694428563	0.5229320327683895
25.667333523863963	0.1	0.034005145797598633	0.12962962962962962	0.04408074455244267	0.5229320327683895
25.67733638182338	0.1	0.03397941680960549	0.12962962962962962	0.04404739216059971	0.5229320327683895
25.687339239782798	0.1	0.03395368782161235	0.12962962962962962	0.04401403976875675	0.5229320327683895
25.697342097742215	0.1	0.03392795883361921	0.12962962962962962	0.043980687376913796	0.5229320327683895
25.70734495570163	0.1	0.03390222984562607	0.12962962962962962	0.04394733498507083	0.5229320327683895
25.717347813661046	0.1	0.033876500857632934	0.12962962962962962	0.04391398259322788	0.5229320327683895
25.727350671620464	0.1	0.03385077186963979	0.12962962962962962	0.04388063020138492	0.5229320327683895
25.73735352957988	0.1	0.03382504288164666	0.12962962962962962	0.043847277809541965	0.5229320327683895
25.7473563875393	0.1	0.03379931389365352	0.12962962962962962	0.043813925417699	0.5229320327683895
25.757359245498716	0.1	0.033773584905660375	0.12962962962962962	0.043780573025856036	0.5229320327683895
25.767362103458133	0.1	0.03374785591766724	0.12962962962962962	0.04374722063401309	0.5229320327683895
25.77736496141755	0.1	0.0337221269296741	0.12962962962962962	0.04371386824217013	0.5229320327683895
25.787367819376968	0.1	0.03369639794168096	0.12962962962962962	0.04368051585032717	0.5229320327683895
25.79737067733638	0.1	0.033670668953687824	0.12962962962962962	0.04364716345848422	0.5229320327683895
25.8073735352958	0.1	0.03364493996569468	0.12962962962962962	0.043613811066641264	0.5229320327683895
25.817376393255216	0.1	0.03361921097770155	0.12962962962962962	0.043580458674798296	0.5229320327683895
25.827379251214634	0.1	0.03359348198970841	0.12962962962962962	0.04354710628295534	0.5229320327683895
25.83738210917405	0.1	0.033567753001715266	0.12962962962962962	0.04351375389111239	0.5229320327683895
25.84738496713347	0.1	0.033542024013722124	0.12962962962962962	0.04348040149926942	0.5229320327683895
25.857387825092886	0.1	0.03351629502572898	0.12962962962962962	0.04344704910742646	0.5229320327683895
25.867390683052303	0.1	0.03349056603773585	0.12962962962962962	0.043413696715583504	0.5229320327683895
25.87739354101172	0.1	0.033464837049742714	0.12962962962962962	0.043380344323740556	0.5229320327683895
25.887396398971138	0.1	0.03343910806174957	0.12962962962962962	0.04334699193189759	0.5229320327683895
25.89739925693055	0.1	0.03341337907375643	0.12962962962962962	0.04331363954005463	0.5229320327683895
25.90740211488997	0.1	0.03338765008576329	0.12962962962962962	0.043280287148211666	0.5229320327683895
25.917404972849386	0.1	0.033361921097770156	0.12962962962962962	0.04324693475636873	0.5229320327683895
25.927407830808804	0.1	0.033336192109777014	0.12962962962962962	0.043213582364525764	0.5229320327683895
25.93741068876822	0.1	0.03331046312178388	0.12962962962962962	0.04318022997268281	0.5229320327683895
25.94741354672764	0.1	0.03328473413379074	0.12962962962962962	0.04314687758083984	0.5229320327683895
25.957416404687056	0.1	0.0332590051457976	0.12962962962962962	0.04311352518899688	0.5229320327683895
25.967419262646473	0.1	0.03323327615780446	0.12962962962962962	0.043080172797153926	0.5229320327683895
25.97742212060589	0.1	0.03320754716981132	0.12962962962962962	0.04304682040531097	0.5229320327683895
25.987424978565304	0.1	0.03318181818181818	0.12962962962962962	0.04301346801346802	0.5229320327683895
25.99742783652472	0.1	0.03315608919382504	0.12962962962962962	0.04298011562162504	0.5229320327683895
26.00743069448414	0.1	0.033130360205831905	0.12962962962962962	0.0429467632297821	0.5229320327683895
26.017433552443556	0.1	0.03310463121783877	0.12962962962962962	0.04291341083793915	0.5229320327683895
26.027436410402974	0.1	0.03307890222984563	0.12962962962962962	0.042880058446096186	0.5229320327683895
26.03743926836239	0.1	0.03305317324185249	0.14285714285714285	0.04721881891693212	0.5229320327683895
26.04744212632181	0.1	0.033027444253859346	0.14285714285714285	0.047182063219799064	0.5229320327683895
26.057444984281226	0.1	0.033001715265866205	0.14285714285714285	0.047145307522666	0.5229320327683895
26.067447842240643	0.1	0.03297598627787307	0.14285714285714285	0.04710855182553296	0.5229320327683895
26.077450700200057	0.1	0.032950257289879936	0.14285714285714285	0.04707179612839991	0.5229320327683895
26.087453558159474	0.1	0.032924528301886795	0.14285714285714285	0.047035040431266856	0.5229320327683895
26.09745641611889	0.1	0.032898799313893654	0.14285714285714285	0.04699828473413379	0.5229320327683895
26.10745927407831	0.1	0.03287307032590051	0.14285714285714285	0.04696152903700073	0.5229320327683895
26.117462132037726	0.1	0.03284734133790738	0.14285714285714285	0.04692477333986768	0.5229320327683895
26.127464989997144	0.1	0.032821612349914236	0.14285714285714285	0.04688801764273462	0.5229320327683895
26.13746784795656	0.1	0.032795883361921095	0.14285714285714285	0.04685126194560157	0.5229320327683895
26.14747070591598	0.1	0.03277015437392796	0.14285714285714285	0.04681450624846852	0.5229320327683895
26.157473563875396	0.1	0.03274442538593482	0.14285714285714285	0.046777750551335456	0.5229320327683895
26.167476421834813	0.1	0.032718696397941685	0.14285714285714285	0.04674099485420241	0.5229320327683895
26.177479279794227	0.1	0.032692967409948544	0.14285714285714285	0.04670423915706935	0.5229320327683895
26.187482137753644	0.1	0.0326672384219554	0.14285714285714285	0.046667483459936286	0.5229320327683895
26.19748499571306	0.1	0.03264150943396226	0.14285714285714285	0.04663072776280323	0.5229320327683895
26.20748785367248	0.1	0.03261578044596912	0.14285714285714285	0.046593972065670175	0.5229320327683895
26.217490711631896	0.1	0.032590051457975985	0.14285714285714285	0.04655721636853712	0.5229320327683895
26.227493569591314	0.1	0.03256432246998285	0.14285714285714285	0.04652046067140407	0.5229320327683895
26.23749642755073	0.1	0.03253859348198971	0.14285714285714285	0.04648370497427101	0.5229320327683895
26.24749928551015	0.1	0.03251286449399657	0.14285714285714285	0.04644694927713795	0.5229320327683895
26.257502143469566	0.1	0.03248713550600343	0.14285714285714285	0.0464101935800049	0.5229320327683895
26.26750500142898	0.1	0.03246140651801029	0.14285714285714285	0.04637343788287184	0.5229320327683895
26.277507859388397	0.1	0.03243567753001715	0.14285714285714285	0.04633668218573878	0.5229320327683895
26.287510717347814	0.1	0.03240994854202402	0.14285714285714285	0.04629992648860574	0.5229320327683895
26.29751357530723	0.1	0.032384219554030876	0.14285714285714285	0.046263170791472685	0.5229320327683895
26.30751643326665	0.1	0.032358490566037734	0.14285714285714285	0.04622641509433962	0.5229320327683895
26.317519291226066	0.1	0.0323327615780446	0.14285714285714285	0.04618965939720657	0.5229320327683895
26.327522149185484	0.1	0.03230703259005146	0.14285714285714285	0.046152903700073515	0.5229320327683895
26.3375250071449	0.1	0.03228130360205832	0.14285714285714285	0.04611614800294045	0.5229320327683895
26.34752786510432	0.1	0.032255574614065176	0.14285714285714285	0.0460793923058074	0.5229320327683895
26.357530723063736	0.1	0.03222984562607204	0.14285714285714285	0.046042636608674345	0.5229320327683895
26.36753358102315	0.1	0.03220411663807891	0.14285714285714285	0.0460058809115413	0.5229320327683895
26.377536438982567	0.1	0.032178387650085766	0.14285714285714285	0.045969125214408234	0.5229320327683895
26.387539296941984	0.1	0.032152658662092624	0.14285714285714285	0.04593236951727517	0.5229320327683895
26.3975421549014	0.1	0.03212692967409948	0.14285714285714285	0.04589561382014212	0.5229320327683895
26.40754501286082	0.1	0.03210120068610634	0.14285714285714285	0.045858858123009064	0.5229320327683895
26.417547870820236	0.1	0.03207547169811321	0.14285714285714285	0.04582210242587602	0.5229320327683895
26.427550728779654	0.1	0.03204974271012007	0.14285714285714285	0.045785346728742966	0.5229320327683895
26.43755358673907	0.1	0.03202401372212693	0.14285714285714285	0.0457485910316099	0.5229320327683895
26.44755644469849	0.1	0.03199828473413379	0.14285714285714285	0.04571183533447685	0.5229320327683895
26.457559302657902	0.1	0.03197255574614065	0.14285714285714285	0.04567507963734379	0.5229320327683895
26.46756216061732	0.1	0.031946826758147515	0.14285714285714285	0.04563832394021074	0.5229320327683895
26.477565018576737	0.1	0.03192109777015437	0.14285714285714285	0.04560156824307768	0.5229320327683895
26.487567876536154	0.1	0.03189536878216123	0.14285714285714285	0.04556481254594462	0.5229320327683895
26.49757073449557	0.1	0.0318696397941681	0.14285714285714285	0.04552805684881157	0.5229320327683895
26.50757359245499	0.1	0.031843910806174956	0.14285714285714285	0.04549130115167851	0.5229320327683895
26.517576450414406	0.1	0.03181818181818182	0.14285714285714285	0.04545454545454546	0.5229320327683895
26.527579308373824	0.1	0.03179245283018868	0.14285714285714285	0.0454177897574124	0.5229320327683895
26.53758216633324	0.1	0.03176672384219554	0.14285714285714285	0.04538103406027934	0.5229320327683895
26.547585024292655	0.1	0.0317409948542024	0.14285714285714285	0.045344278363146286	0.5229320327683895
26.557587882252072	0.1	0.03171526586620926	0.14285714285714285	0.045307522666013234	0.5229320327683895
26.56759074021149	0.1	0.03168953687821613	0.14285714285714285	0.04527076696888019	0.5229320327683895
26.577593598170907	0.1	0.03166380789022299	0.14285714285714285	0.04523401127174712	0.5229320327683895
26.587596456130324	0.1	0.031638078902229846	0.14285714285714285	0.04519725557461406	0.5229320327683895
26.59759931408974	0.1	0.031612349914236705	0.14285714285714285	0.045160499877481004	0.5229320327683895
26.60760217204916	0.1	0.031586620926243564	0.14285714285714285	0.045123744180347945	0.5229320327683895
26.617605030008576	0.1	0.03156089193825043	0.14285714285714285	0.0450869884832149	0.5229320327683895
26.627607887967994	0.1	0.03153516295025729	0.14285714285714285	0.04505023278608184	0.5229320327683895
26.63761074592741	0.1	0.031509433962264154	0.14285714285714285	0.04501347708894879	0.5229320327683895
26.647613603886825	0.1	0.03148370497427101	0.14285714285714285	0.04497672139181573	0.5229320327683895
26.657616461846242	0.1	0.03145797598627787	0.14285714285714285	0.04493996569468267	0.5229320327683895
26.66761931980566	0.1	0.03143224699828474	0.14285714285714285	0.044903209997549626	0.5229320327683895
26.677622177765077	0.1	0.031406518010291595	0.14285714285714285	0.04486645430041657	0.5229320327683895
26.687625035724494	0.1	0.031380789022298454	0.14285714285714285	0.04482969860328351	0.5229320327683895
26.69762789368391	0.1	0.03135506003430531	0.14285714285714285	0.04479294290615045	0.5229320327683895
26.70763075164333	0.1	0.03132933104631218	0.14285714285714285	0.0447561872090174	0.5229320327683895
26.717633609602746	0.1	0.031303602058319044	0.14285714285714285	0.04471943151188435	0.5229320327683895
26.727636467562164	0.1	0.0312778730703259	0.14285714285714285	0.04468267581475129	0.5229320327683895
26.737639325521577	0.1	0.03125214408233276	0.14285714285714285	0.044645920117618226	0.5229320327683895
26.747642183480995	0.1	0.03122641509433962	0.14285714285714285	0.04460916442048518	0.5229320327683895
26.757645041440412	0.1	0.031200686106346482	0.14285714285714285	0.044572408723352115	0.5229320327683895
26.76764789939983	0.1	0.031174957118353348	0.14285714285714285	0.04453565302621906	0.5229320327683895
26.777650757359247	0.1	0.031149228130360206	0.14285714285714285	0.044498897329086	0.5229320327683895
26.787653615318664	0.1	0.03112349914236707	0.14285714285714285	0.04446214163195295	0.5229320327683895
26.79765647327808	0.1	0.031097770154373927	0.14285714285714285	0.04442538593481989	0.5229320327683895
26.8076593312375	0.1	0.031072041166380786	0.14285714285714285	0.04438863023768684	0.5229320327683895
26.817662189196916	0.1	0.03104631217838765	0.14285714285714285	0.04435187454055379	0.5229320327683895
26.827665047156334	0.1	0.031020583190394514	0.14285714285714285	0.04431511884342074	0.5229320327683895
26.837667905115747	0.1	0.030994854202401372	0.14285714285714285	0.04427836314628768	0.5229320327683895
26.847670763075165	0.1	0.03096912521440823	0.14285714285714285	0.04424160744915461	0.5229320327683895
26.857673621034582	0.1	0.030943396226415093	0.14285714285714285	0.04420485175202156	0.5229320327683895
26.867676478994	0.1	0.03091766723842196	0.14285714285714285	0.04416809605488851	0.5229320327683895
26.877679336953417	0.1	0.030891938250428817	0.14285714285714285	0.04413134035775546	0.5229320327683895
26.887682194912834	0.1	0.030866209262435676	0.14285714285714285	0.044094584660622396	0.5229320327683895
26.89768505287225	0.1	0.030840480274442538	0.14285714285714285	0.04405782896348934	0.5229320327683895
26.90768791083167	0.1	0.030814751286449404	0.14285714285714285	0.0440210732663563	0.5229320327683895
26.917690768791086	0.1	0.030789022298456262	0.14285714285714285	0.04398431756922324	0.5229320327683895
26.9276936267505	0.1	0.03076329331046312	0.14285714285714285	0.043947561872090174	0.5229320327683895
26.937696484709917	0.1	0.030737564322469983	0.14285714285714285	0.043910806174957115	0.5229320327683895
26.947699342669335	0.1	0.030711835334476842	0.14285714285714285	0.043874050477824056	0.5229320327683895
26.957702200628752	0.1	0.030686106346483707	0.14285714285714285	0.04383729478069101	0.5229320327683895
26.96770505858817	0.1	0.030660377358490566	0.14285714285714285	0.04380053908355796	0.5229320327683895
26.977707916547587	0.1	0.03063464837049743	0.14285714285714285	0.0437637833864249	0.5229320327683895
26.987710774507004	0.1	0.030608919382504287	0.14285714285714285	0.04372702768929184	0.5229320327683895
26.99771363246642	0.1	0.03058319039451115	0.14285714285714285	0.04369027199215878	0.5229320327683895
27.00771649042584	0.1	0.030557461406518015	0.14285714285714285	0.043653516295025736	0.5229320327683895
27.017719348385253	0.1	0.030531732418524873	0.14285714285714285	0.04361676059789268	0.5229320327683895
27.02772220634467	0.1	0.030506003430531732	0.14285714285714285	0.04358000490075962	0.5229320327683895
27.037725064304087	0.1	0.030480274442538594	0.14285714285714285	0.043543249203626566	0.5229320327683895
27.047727922263505	0.1	0.030454545454545453	0.14285714285714285	0.0435064935064935	0.5229320327683895
27.057730780222922	0.1	0.03042881646655232	0.14285714285714285	0.043469737809360455	0.5229320327683895
27.06773363818234	0.1	0.030403087478559177	0.14285714285714285	0.04343298211222739	0.5229320327683895
27.077736496141757	0.1	0.03037735849056604	0.14285714285714285	0.043396226415094344	0.5229320327683895
27.087739354101174	0.1	0.030351629502572898	0.14285714285714285	0.043359470717961285	0.5229320327683895
27.09774221206059	0.1	0.030325900514579757	0.14285714285714285	0.04332271502082822	0.5229320327683895
27.10774507002001	0.1	0.030300171526586622	0.14285714285714285	0.04328595932369518	0.5229320327683895
27.117747927979423	0.1	0.030274442538593484	0.14285714285714285	0.04324920362656212	0.5229320327683895
27.12775078593884	0.1	0.030248713550600343	0.14285714285714285	0.04321244792942907	0.5229320327683895
27.137753643898257	0.1	0.030222984562607205	0.14285714285714285	0.04317569223229601	0.5229320327683895
27.147756501857675	0.1	0.030197255574614064	0.14285714285714285	0.04313893653516295	0.5229320327683895
27.157759359817092	0.1	0.03017152658662093	0.14285714285714285	0.0431021808380299	0.5229320327683895
27.16776221777651	0.1	0.030145797598627788	0.14285714285714285	0.04306542514089685	0.5229320327683895
27.177765075735927	0.1	0.03012006861063465	0.14285714285714285	0.04302866944376379	0.5229320327683895
27.187767933695344	0.1	0.03009433962264151	0.14285714285714285	0.04299191374663073	0.5229320327683895
27.19777079165476	0.1	0.030068610634648368	0.14285714285714285	0.04295515804949768	0.5229320327683895
27.207773649614175	0.1	0.030042881646655233	0.14285714285714285	0.04291840235236462	0.5229320327683895
27.217776507573593	0.1	0.030017152658662095	0.14285714285714285	0.042881646655231566	0.5229320327683895
27.22777936553301	0.1	0.029991423670668954	0.14285714285714285	0.04284489095809851	0.5229320327683895
27.237782223492427	0.1	0.029965694682675813	0.14285714285714285	0.04280813526096545	0.5229320327683895
27.247785081451845	0.1	0.029939965694682675	0.14285714285714285	0.042771379563832396	0.5229320327683895
27.257787939411262	0.1	0.02991423670668954	0.14285714285714285	0.04273462386669935	0.5229320327683895
27.26779079737068	0.1	0.0298885077186964	0.14285714285714285	0.04269786816956629	0.5229320327683895
27.277793655330097	0.1	0.02986277873070326	0.14285714285714285	0.04266111247243323	0.5229320327683895
27.287796513289514	0.1	0.02983704974271012	0.14285714285714285	0.04262435677530018	0.5229320327683895
27.29779937124893	0.1	0.02981132075471698	0.14285714285714285	0.04258760107816711	0.5229320327683895
27.307802229208345	0.1	0.029785591766723844	0.14285714285714285	0.04255084538103407	0.5229320327683895
27.317805087167763	0.1	0.029759862778730706	0.14285714285714285	0.04251408968390102	0.5229320327683895
27.32780794512718	0.1	0.029734133790737565	0.14285714285714285	0.04247733398676796	0.5229320327683895
27.337810803086597	0.1	0.029708404802744424	0.14285714285714285	0.042440578289634885	0.5229320327683895
27.347813661046015	0.1	0.029682675814751286	0.14285714285714285	0.04240382259250184	0.5229320327683895
27.357816519005432	0.1	0.02965694682675815	0.14285714285714285	0.04236706689536879	0.5229320327683895
27.36781937696485	0.1	0.02963121783876501	0.14285714285714285	0.04233031119823572	0.5229320327683895
27.377822234924267	0.1	0.02960548885077187	0.14285714285714285	0.04229355550110267	0.5229320327683895
27.387825092883684	0.1	0.02957975986277873	0.14285714285714285	0.04225679980396962	0.5229320327683895
27.397827950843098	0.1	0.02955403087478559	0.14285714285714285	0.04222004410683656	0.5229320327683895
27.407830808802515	0.1	0.029528301886792455	0.14285714285714285	0.0421832884097035	0.5229320327683895
27.417833666761933	0.1	0.029502572898799314	0.14285714285714285	0.04214653271257045	0.5229320327683895
27.42783652472135	0.1	0.029476843910806176	0.14285714285714285	0.04210977701543739	0.5229320327683895
27.437839382680767	0.1	0.029451114922813035	0.14285714285714285	0.042073021318304336	0.5229320327683895
27.447842240640185	0.1	0.029425385934819897	0.14285714285714285	0.04203626562117128	0.5229320327683895
27.457845098599602	0.1	0.02939965694682676	0.14285714285714285	0.041999509924038225	0.5229320327683895
27.46784795655902	0.1	0.02937392795883362	0.14285714285714285	0.04196275422690517	0.5229320327683895
27.477850814518437	0.1	0.02934819897084048	0.14285714285714285	0.041925998529772114	0.5229320327683895
27.48785367247785	0.1	0.029322469982847342	0.14285714285714285	0.041889242832639055	0.5229320327683895
27.497856530437268	0.1	0.0292967409948542	0.14285714285714285	0.041852487135506	0.5229320327683895
27.507859388396685	0.1	0.029271012006861066	0.14285714285714285	0.04181573143837295	0.5229320327683895
27.517862246356103	0.1	0.029245283018867925	0.14285714285714285	0.04177897574123989	0.5229320327683895
27.52786510431552	0.1	0.029219554030874787	0.14285714285714285	0.04174222004410684	0.5229320327683895
27.537867962274937	0.1	0.029193825042881646	0.14285714285714285	0.041705464346973774	0.5229320327683895
27.547870820234355	0.1	0.029168096054888504	0.14285714285714285	0.04166870864984072	0.5229320327683895
27.557873678193772	0.1	0.02914236706689537	0.14285714285714285	0.041631952952707676	0.5229320327683895
27.56787653615319	0.1	0.029116638078902232	0.14285714285714285	0.04159519725557462	0.5229320327683895
27.577879394112607	0.1	0.02909090909090909	0.14285714285714285	0.04155844155844156	0.5229320327683895
27.58788225207202	0.1	0.02906518010291595	0.12962962962962962	0.037677085318594754	0.5229320327683895
27.597885110031438	0.1	0.02903945111492281	0.12962962962962962	0.0376437329267518	0.5229320327683895
27.607887967990855	0.1	0.029013722126929677	0.12962962962962962	0.037610380534908845	0.5229320327683895
27.617890825950273	0.1	0.028987993138936536	0.12962962962962962	0.037577028143065884	0.5229320327683895
27.62789368390969	0.1	0.028962264150943398	0.12962962962962962	0.03754367575122293	0.5229320327683895
27.637896541869107	0.1	0.028936535162950257	0.12962962962962962	0.03751032335937996	0.5229320327683895
27.647899399828525	0.1	0.028910806174957115	0.12962962962962962	0.037476970967537	0.5229320327683895
27.657902257787942	0.1	0.02888507718696398	0.12962962962962962	0.03744361857569405	0.5229320327683895
27.66790511574736	0.1	0.028859348198970843	0.12962962962962962	0.0374102661838511	0.5229320327683895
27.677907973706773	0.1	0.028833619210977702	0.12962962962962962	0.03737691379200813	0.5229320327683895
27.68791083166619	0.1	0.02880789022298456	0.12962962962962962	0.037343561400165176	0.5229320327683895
27.697913689625608	0.1	0.028782161234991423	0.12962962962962962	0.037310209008322215	0.5229320327683895
27.707916547585025	0.1	0.02875643224699829	0.12962962962962962	0.03727685661647926	0.5229320327683895
27.717919405544443	0.1	0.028730703259005147	0.12962962962962962	0.0372435042246363	0.5229320327683895
27.72792226350386	0.1	0.028704974271012006	0.12962962962962962	0.03721015183279334	0.5229320327683895
27.737925121463277	0.1	0.028679245283018868	0.12962962962962962	0.03717679944095038	0.5229320327683895
27.747927979422695	0.1	0.028653516295025726	0.12962962962962962	0.037143447049107416	0.5229320327683895
27.757930837382112	0.1	0.028627787307032592	0.12962962962962962	0.037110094657264475	0.5229320327683895
27.76793369534153	0.1	0.028602058319039454	0.12962962962962962	0.03707674226542151	0.5229320327683895
27.777936553300943	0.1	0.028576329331046313	0.12962962962962962	0.037043389873578546	0.5229320327683895
27.78793941126036	0.1	0.02855060034305317	0.12962962962962962	0.0370100374817356	0.5229320327683895
27.797942269219778	0.1	0.028524871355060034	0.12962962962962962	0.03697668508989263	0.5229320327683895
27.807945127179195	0.1	0.0284991423670669	0.12962962962962962	0.03694333269804968	0.5229320327683895
27.817947985138613	0.1	0.028473413379073758	0.12962962962962962	0.03690998030620672	0.5229320327683895
27.82795084309803	0.1	0.028447684391080617	0.12962962962962962	0.03687662791436377	0.5229320327683895
27.837953701057447	0.1	0.02842195540308748	0.12962962962962962	0.0368432755225208	0.5229320327683895
27.847956559016865	0.1	0.028396226415094337	0.12962962962962962	0.036809923130677845	0.5229320327683895
27.857959416976282	0.1	0.028370497427101203	0.12962962962962962	0.0367765707388349	0.5229320327683895
27.867962274935696	0.1	0.028344768439108062	0.12962962962962962	0.036743218346991936	0.5229320327683895
27.877965132895113	0.1	0.028319039451114924	0.12962962962962962	0.036709865955148975	0.5229320327683895
27.88796799085453	0.1	0.028293310463121783	0.12962962962962962	0.036676513563306014	0.5229320327683895
27.897970848813948	0.1	0.028267581475128645	0.12962962962962962	0.03664316117146306	0.5229320327683895
27.907973706773365	0.1	0.028241852487135507	0.12962962962962962	0.0366098087796201	0.5229320327683895
27.917976564732783	0.1	0.02821612349914237	0.12962962962962962	0.03657645638777715	0.5229320327683895
27.9279794226922	0.1	0.028190394511149228	0.12962962962962962	0.03654310399593419	0.5229320327683895
27.937982280651617	0.1	0.02816466552315609	0.12962962962962962	0.03650975160409123	0.5229320327683895
27.947985138611035	0.1	0.02813893653516295	0.12962962962962962	0.03647639921224827	0.5229320327683895
27.95798799657045	0.1	0.028113207547169814	0.12962962962962962	0.03644304682040531	0.5229320327683895
27.967990854529866	0.1	0.028087478559176673	0.12962962962962962	0.03640969442856235	0.5229320327683895
27.977993712489283	0.1	0.028061749571183535	0.12962962962962962	0.0363763420367194	0.5229320327683895
27.9879965704487	0.1	0.028036020583190394	0.12962962962962962	0.03634298964487643	0.5229320327683895
27.997999428408118	0.1	0.028010291595197252	0.12962962962962962	0.03630963725303348	0.5229320327683895
28.008002286367535	0.1	0.027984562607204118	0.12962962962962962	0.03627628486119053	0.5229320327683895
28.018005144326953	0.1	0.02795883361921098	0.12962962962962962	0.03624293246934756	0.5229320327683895
28.02800800228637	0.1	0.02793310463121784	0.13636363636363635	0.038090597224387956	0.5229320327683895
28.038010860245787	0.1	0.027907375643224697	0.13636363636363635	0.038055512240760946	0.5229320327683895
28.048013718205205	0.1	0.02788164665523156	0.13636363636363635	0.03802042725713395	0.5229320327683895
28.05801657616462	0.1	0.027855917667238425	0.13636363636363635	0.037985342273506945	0.5229320327683895
28.068019434124036	0.1	0.027830188679245284	0.13636363636363635	0.037950257289879934	0.5229320327683895
28.078022292083453	0.1	0.027804459691252142	0.13636363636363635	0.03791517230625292	0.5229320327683895
28.08802515004287	0.1	0.027778730703259005	0.13636363636363635	0.03788008732262592	0.5229320327683895
28.098028008002288	0.1	0.027753001715265863	0.13636363636363635	0.0378450023389989	0.5229320327683895
28.108030865961705	0.1	0.02772727272727273	0.13636363636363635	0.037809917355371904	0.7572507169958141
28.118033723921123	0.1	0.02770154373927959	0.13636363636363635	0.03777483237174489	0.7572507169958141
28.12803658188054	0.1	0.02767581475128645	0.13636363636363635	0.03773974738811789	0.7572507169958141
28.138039439839957	0.1	0.02765008576329331	0.13636363636363635	0.03770466240449088	0.7572507169958141
28.14804229779937	0.1	0.02762435677530017	0.13636363636363635	0.03766957742086387	0.7572507169958141
28.15804515575879	0.1	0.027598627787307036	0.13636363636363635	0.03763449243723687	0.7572507169958141
28.168048013718206	0.1	0.027572898799313895	0.13636363636363635	0.03759940745360986	0.7572507169958141
28.178050871677623	0.1	0.027547169811320753	0.13636363636363635	0.037564322469982855	0.7572507169958141
28.18805372963704	0.1	0.027521440823327616	0.13636363636363635	0.03752923748635584	0.7572507169958141
28.198056587596458	0.1	0.027495711835334474	0.13636363636363635	0.03749415250272883	0.7572507169958141
28.208059445555875	0.1	0.02746998284734134	0.13636363636363635	0.03745906751910183	0.7572507169958141
28.218062303515293	0.1	0.0274442538593482	0.13636363636363635	0.03742398253547482	0.7572507169958141
28.22806516147471	0.1	0.02741852487135506	0.13636363636363635	0.037388897551847815	0.7572507169958141
28.238068019434127	0.1	0.02739279588336192	0.13636363636363635	0.0373538125682208	0.7572507169958141
28.24807087739354	0.1	0.02736706689536878	0.13636363636363635	0.03731872758459379	0.7572507169958141
28.25807373535296	0.1	0.027341337907375647	0.13636363636363635	0.037283642600966796	0.7572507169958141
28.268076593312376	0.1	0.027315608919382506	0.13636363636363635	0.03724855761733978	0.7572507169958141
28.278079451271793	0.1	0.027289879931389364	0.13636363636363635	0.03721347263371277	0.7572507169958141
28.28808230923121	0.1	0.027264150943396227	0.13636363636363635	0.03717838765008577	0.7572507169958141
28.298085167190628	0.1	0.027238421955403085	0.13636363636363635	0.03714330266645875	0.7572507169958141
28.308088025150045	0.1	0.02721269296740995	0.13636363636363635	0.03710821768283175	0.7572507169958141
28.318090883109463	0.1	0.02718696397941681	0.13636363636363635	0.03707313269920474	0.7572507169958141
28.32809374106888	0.1	0.02716123499142367	0.13636363636363635	0.03703804771557773	0.7572507169958141
28.338096599028294	0.1	0.02713550600343053	0.13636363636363635	0.03700296273195072	0.7572507169958141
28.34809945698771	0.1	0.02710977701543739	0.13636363636363635	0.03696787774832371	0.7572507169958141
28.35810231494713	0.1	0.027084048027444255	0.13636363636363635	0.036932792764696715	0.7572507169958141
28.368105172906546	0.1	0.027058319039451117	0.13636363636363635	0.036897707781069704	0.7572507169958141
28.378108030865963	0.1	0.027032590051457975	0.13636363636363635	0.03686262279744269	0.7572507169958141
28.38811088882538	0.1	0.027006861063464838	0.13636363636363635	0.03682753781381568	0.7572507169958141
28.398113746784798	0.1	0.026981132075471696	0.13636363636363635	0.03679245283018868	0.7572507169958141
28.408116604744215	0.1	0.026955403087478562	0.13636363636363635	0.036757367846561674	0.7572507169958141
28.418119462703633	0.1	0.02692967409948542	0.13636363636363635	0.03672228286293467	0.7572507169958141
28.428122320663046	0.1	0.026903945111492283	0.13636363636363635	0.03668719787930766	0.7572507169958141
28.438125178622464	0.1	0.02687821612349914	0.13636363636363635	0.03665211289568065	0.7572507169958141
28.44812803658188	0.1	0.026852487135506	0.13636363636363635	0.03661702791205364	0.7572507169958141
28.4581308945413	0.1	0.026826758147512866	0.13636363636363635	0.03658194292842664	0.7572507169958141
28.468133752500716	0.1	0.026801029159519728	0.13636363636363635	0.03654685794479963	0.7572507169958141
28.478136610460133	0.1	0.026775300171526586	0.13636363636363635	0.03651177296117262	0.7572507169958141
28.48813946841955	0.1	0.026749571183533445	0.13636363636363635	0.03647668797754561	0.7572507169958141
28.498142326378968	0.1	0.026723842195540307	0.13636363636363635	0.036441602993918604	0.7572507169958141
28.508145184338385	0.1	0.026698113207547173	0.13636363636363635	0.0364065180102916	0.7572507169958141
28.518148042297803	0.1	0.02667238421955403	0.13636363636363635	0.03637143302666459	0.7572507169958141
28.528150900257216	0.1	0.02664665523156089	0.13636363636363635	0.03633634804303757	0.7572507169958141
28.538153758216634	0.1	0.026620926243567752	0.13636363636363635	0.036301263059410574	0.7572507169958141
28.54815661617605	0.1	0.02659519725557461	0.13636363636363635	0.03626617807578356	0.7572507169958141
28.55815947413547	0.1	0.026569468267581477	0.13636363636363635	0.03623109309215656	0.7572507169958141
28.568162332094886	0.1	0.026543739279588335	0.13636363636363635	0.03619600810852954	0.7572507169958141
28.578165190054303	0.1	0.026518010291595197	0.13636363636363635	0.036160923124902544	0.7572507169958141
28.58816804801372	0.1	0.026492281303602056	0.13636363636363635	0.03612583814127553	0.7572507169958141
28.598170905973138	0.1	0.02646655231560892	0.13636363636363635	0.036090753157648536	0.7572507169958141
28.608173763932555	0.1	0.026440823327615784	0.13636363636363635	0.036055668174021525	0.7572507169958141
28.61817662189197	0.1	0.026415094339622643	0.13636363636363635	0.03602058319039451	0.7572507169958141
28.628179479851386	0.1	0.0263893653516295	0.13636363636363635	0.035985498206767504	0.7572507169958141
28.638182337810804	0.1	0.026363636363636363	0.13636363636363635	0.0359504132231405	0.7572507169958141
28.64818519577022	0.1	0.02633790737564323	0.13636363636363635	0.035915328239513496	0.7572507169958141
28.65818805372964	0.1	0.026312178387650088	0.13636363636363635	0.035880243255886485	0.7572507169958141
28.668190911689056	0.1	0.026286449399656946	0.13636363636363635	0.03584515827225947	0.7572507169958141
28.678193769648473	0.1	0.02626072041166381	0.13636363636363635	0.03581007328863246	0.7572507169958141
28.68819662760789	0.1	0.026234991423670667	0.13636363636363635	0.03577498830500545	0.7572507169958141
28.698199485567308	0.1	0.026209262435677533	0.13636363636363635	0.035739903321378455	0.7572507169958141
28.708202343526725	0.1	0.02618353344768439	0.13636363636363635	0.03570481833775144	0.7572507169958141
28.71820520148614	0.1	0.026157804459691254	0.13636363636363635	0.03566973335412443	0.7572507169958141
28.728208059445556	0.1	0.026132075471698112	0.13636363636363635	0.03563464837049742	0.7572507169958141
28.738210917404974	0.1	0.026106346483704974	0.13636363636363635	0.035599563386870425	0.7572507169958141
28.74821377536439	0.1	0.02608061749571184	0.13636363636363635	0.035564478403243414	0.7572507169958141
28.75821663332381	0.1	0.0260548885077187	0.13636363636363635	0.035529393419616404	0.7572507169958141
28.768219491283226	0.1	0.026029159519725557	0.13636363636363635	0.0354943084359894	0.7572507169958141
28.778222349242643	0.1	0.02600343053173242	0.13636363636363635	0.03545922345236239	0.7572507169958141
28.78822520720206	0.1	0.025977701543739278	0.13636363636363635	0.035424138468735385	0.7572507169958141
28.798228065161478	0.1	0.025951972555746144	0.13636363636363635	0.035389053485108374	0.7572507169958141
28.80823092312089	0.1	0.025926243567753002	0.13636363636363635	0.03535396850148136	0.7572507169958141
28.81823378108031	0.1	0.025900514579759865	0.13636363636363635	0.03531888351785436	0.7572507169958141
28.828236639039726	0.1	0.025874785591766723	0.13636363636363635	0.03528379853422735	0.7572507169958141
28.838239496999144	0.1	0.025849056603773582	0.13636363636363635	0.03524871355060034	0.7572507169958141
28.84824235495856	0.1	0.025823327615780448	0.13636363636363635	0.03521362856697334	0.7572507169958141
28.85824521291798	0.1	0.02579759862778731	0.13636363636363635	0.03517854358334633	0.7572507169958141
28.868248070877396	0.1	0.02577186963979417	0.13636363636363635	0.035143458599719325	0.7572507169958141
28.878250928836813	0.1	0.02574614065180103	0.13636363636363635	0.035108373616092314	0.7572507169958141
28.88825378679623	0.1	0.02572041166380789	0.13636363636363635	0.0350732886324653	0.7572507169958141
28.898256644755644	0.1	0.025694682675814755	0.13636363636363635	0.0350382036488383	0.7572507169958141
28.90825950271506	0.1	0.025668953687821613	0.13636363636363635	0.03500311866521129	0.7572507169958141
28.91826236067448	0.1	0.025643224699828476	0.13636363636363635	0.03496803368158428	0.7572507169958141
28.928265218633896	0.1	0.025617495711835334	0.13636363636363635	0.03493294869795727	0.7572507169958141
28.938268076593314	0.1	0.025591766723842193	0.13636363636363635	0.03489786371433026	0.7572507169958141
28.94827093455273	0.1	0.02556603773584906	0.13636363636363635	0.034862778730703266	0.7572507169958141
28.95827379251215	0.1	0.02554030874785592	0.13636363636363635	0.03482769374707625	0.7572507169958141
28.968276650471566	0.1	0.02551457975986278	0.13636363636363635	0.034792608763449244	0.7572507169958141
28.978279508430983	0.1	0.025488850771869638	0.13636363636363635	0.03475752377982223	0.7572507169958141
28.9882823663904	0.1	0.0254631217838765	0.13636363636363635	0.03472243879619522	0.7572507169958141
28.998285224349814	0.1	0.025437392795883366	0.13636363636363635	0.034687353812568225	0.7572507169958141
29.00828808230923	0.1	0.025411663807890224	0.13636363636363635	0.03465226882894122	0.7572507169958141
29.01829094026865	0.1	0.025385934819897083	0.13636363636363635	0.0346171838453142	0.7572507169958141
29.028293798228066	0.1	0.025360205831903945	0.13636363636363635	0.03458209886168719	0.7572507169958141
29.038296656187484	0.1	0.025334476843910804	0.13636363636363635	0.03454701387806019	0.7572507169958141
29.0482995141469	0.1	0.02530874785591767	0.13636363636363635	0.034511928894433185	0.7572507169958141
29.05830237210632	0.1	0.025283018867924528	0.13636363636363635	0.034476843910806174	0.7572507169958141
29.068305230065736	0.1	0.02525728987993139	0.13636363636363635	0.03444175892717916	0.7572507169958141
29.078308088025153	0.1	0.02523156089193825	0.13636363636363635	0.03440667394355216	0.7572507169958141
29.088310945984567	0.1	0.02520583190394511	0.13636363636363635	0.034371588959925155	0.7572507169958141
29.098313803943984	0.1	0.025180102915951977	0.13636363636363635	0.03433650397629815	0.7572507169958141
29.1083166619034	0.1	0.025154373927958835	0.13636363636363635	0.03430141899267115	0.7572507169958141
29.11831951986282	0.1	0.025128644939965694	0.13636363636363635	0.03426633400904413	0.7572507169958141
29.128322377822236	0.1	0.025102915951972556	0.13636363636363635	0.03423124902541712	0.7572507169958141
29.138325235781654	0.1	0.025077186963979415	0.13636363636363635	0.034196164041790114	0.7572507169958141
29.14832809374107	0.1	0.02505145797598628	0.13636363636363635	0.0341610790581631	0.7572507169958141
29.15833095170049	0.1	0.02502572898799314	0.13636363636363635	0.0341259940745361	0.7572507169958141
29.168333809659906	0.1	0.025	0.13636363636363635	0.03409090909090909	0.7572507169958141
29.17833666761932	0.1	0.02497427101200686	0.13636363636363635	0.034055824107282084	0.7572507169958141
29.188339525578737	0.1	0.02494854202401372	0.13636363636363635	0.03402073912365507	0.7572507169958141
29.198342383538154	0.1	0.024922813036020584	0.13636363636363635	0.033985654140028076	0.7572507169958141
29.20834524149757	0.1	0.024897084048027446	0.13636363636363635	0.033950569156401066	0.7572507169958141
29.21834809945699	0.1	0.024871355060034305	0.13636363636363635	0.033915484172774055	0.7572507169958141
29.228350957416406	0.1	0.024845626072041167	0.13636363636363635	0.033880399189147044	0.7572507169958141
29.238353815375824	0.1	0.024819897084048026	0.13636363636363635	0.03384531420552003	0.7572507169958141
29.24835667333524	0.1	0.02479416809605489	0.13636363636363635	0.03381022922189304	0.7572507169958141
29.25835953129466	0.1	0.02476843910806175	0.13636363636363635	0.033775144238266025	0.7572507169958141
29.268362389254076	0.1	0.024742710120068612	0.13636363636363635	0.033740059254639014	0.7572507169958141
29.27836524721349	0.1	0.02471698113207547	0.13636363636363635	0.03370497427101201	0.7572507169958141
29.288368105172907	0.1	0.02469125214408233	0.13636363636363635	0.033669889287385	0.7572507169958141
29.298370963132324	0.1	0.024665523156089195	0.13636363636363635	0.033634804303757995	0.7572507169958141
29.30837382109174	0.1	0.024639794168096057	0.13636363636363635	0.033599719320130984	0.7572507169958141
29.31837667905116	0.1	0.024614065180102916	0.13636363636363635	0.03356463433650398	0.7572507169958141
29.328379537010576	0.1	0.024588336192109775	0.13636363636363635	0.03352954935287696	0.7572507169958141
29.338382394969994	0.1	0.024562607204116637	0.13636363636363635	0.033494464369249966	0.7572507169958141
29.34838525292941	0.1	0.024536878216123503	0.13636363636363635	0.03345937938562296	0.7572507169958141
29.35838811088883	0.1	0.02451114922813036	0.13636363636363635	0.033424294401995944	0.7572507169958141
29.368390968848242	0.1	0.024485420240137223	0.13636363636363635	0.03338920941836895	0.7572507169958141
29.37839382680766	0.1	0.024459691252144082	0.13636363636363635	0.033354124434741936	0.7572507169958141
29.388396684767077	0.1	0.02443396226415094	0.13636363636363635	0.03331903945111492	0.7572507169958141
29.398399542726494	0.1	0.024408233276157806	0.13636363636363635	0.03328395446748792	0.7572507169958141
29.40840240068591	0.1	0.02438250428816467	0.13636363636363635	0.03324886948386091	0.7572507169958141
29.41840525864533	0.1	0.024356775300171527	0.13636363636363635	0.0332137845002339	0.7572507169958141
29.428408116604746	0.1	0.024331046312178386	0.13636363636363635	0.03317869951660689	0.7572507169958141
29.438410974564164	0.1	0.024305317324185248	0.13636363636363635	0.033143614532979884	0.7572507169958141
29.44841383252358	0.1	0.024279588336192114	0.13636363636363635	0.03310852954935288	0.7572507169958141
29.458416690483	0.1	0.024253859348198972	0.13636363636363635	0.03307344456572587	0.7572507169958141
29.468419548442412	0.1	0.02422813036020583	0.13636363636363635	0.033038359582098865	0.7572507169958141
29.47842240640183	0.1	0.024202401372212693	0.13636363636363635	0.033003274598471855	0.7572507169958141
29.488425264361247	0.1	0.024176672384219552	0.13636363636363635	0.032968189614844844	0.7572507169958141
29.498428122320664	0.1	0.024150943396226417	0.13636363636363635	0.03293310463121785	0.7572507169958141
29.50843098028008	0.1	0.024125214408233276	0.13636363636363635	0.03289801964759083	0.7572507169958141
29.5184338382395	0.1	0.024099485420240138	0.13636363636363635	0.032862934663963825	0.7572507169958141
29.528436696198916	0.1	0.024073756432246997	0.13636363636363635	0.032827849680336814	0.7572507169958141
29.538439554158334	0.1	0.02404802744425386	0.13636363636363635	0.03279276469670981	0.7572507169958141
29.54844241211775	0.1	0.02402229845626072	0.13636363636363635	0.0327576797130828	0.7572507169958141
29.558445270077165	0.1	0.023996569468267583	0.13636363636363635	0.032722594729455795	0.7572507169958141
29.568448128036582	0.1	0.023970840480274442	0.13636363636363635	0.03268750974582879	0.7572507169958141
29.578450985996	0.1	0.023945111492281304	0.13636363636363635	0.03265242476220177	0.7572507169958141
29.588453843955417	0.1	0.023919382504288163	0.13636363636363635	0.03261733977857476	0.7572507169958141
29.598456701914834	0.1	0.02389365351629503	0.13636363636363635	0.032582254794947765	0.7572507169958141
29.60845955987425	0.1	0.023867924528301887	0.13636363636363635	0.032547169811320754	0.7572507169958141
29.61846241783367	0.1	0.02384219554030875	0.13636363636363635	0.03251208482769375	0.7572507169958141
29.628465275793086	0.1	0.023816466552315608	0.15217391304347827	0.036242449101349834	0.7572507169958141
29.638468133752504	0.1	0.023790737564322467	0.15217391304347827	0.03620329629353419	0.7572507169958141
29.648470991711918	0.1	0.023765008576329332	0.15217391304347827	0.03616414348571855	0.7572507169958141
29.658473849671335	0.1	0.023739279588336194	0.15217391304347827	0.0361249906779029	0.7572507169958141
29.668476707630752	0.1	0.023713550600343053	0.16666666666666666	0.039522584333905084	0.7572507169958141
29.67847956559017	0.1	0.02368782161234991	0.16666666666666666	0.03947970268724986	0.7572507169958141
29.688482423549587	0.1	0.023662092624356774	0.16666666666666666	0.03943682104059462	0.7572507169958141
29.698485281509004	0.1	0.02363636363636364	0.15217391304347827	0.035968379446640324	0.7572507169958141
29.70848813946842	0.1	0.023610634648370498	0.15217391304347827	0.03592922663882467	0.7572507169958141
29.71849099742784	0.1	0.02358490566037736	0.15217391304347827	0.03589007383100902	0.7572507169958141
29.728493855387256	0.1	0.02355917667238422	0.15217391304347827	0.03585092102319338	0.7572507169958141
29.738496713346674	0.1	0.023533447684391078	0.15217391304347827	0.03581176821537773	0.7572507169958141
29.748499571306088	0.1	0.023507718696397943	0.15217391304347827	0.03577261540756209	0.7572507169958141
29.758502429265505	0.1	0.023481989708404805	0.15217391304347827	0.035733462599746434	0.7572507169958141
29.768505287224922	0.1	0.023456260720411664	0.15217391304347827	0.035694309791930785	0.7572507169958141
29.77850814518434	0.1	0.023430531732418523	0.15217391304347827	0.03565515698411514	0.7572507169958141
29.788511003143757	0.1	0.023404802744425385	0.15217391304347827	0.0356160041762995	0.7572507169958141
29.798513861103174	0.1	0.02337907375643225	0.15217391304347827	0.03557685136848387	0.7572507169958141
29.80851671906259	0.1	0.02335334476843911	0.15217391304347827	0.03553769856066821	0.7572507169958141
29.81851957702201	0.1	0.023327615780445968	0.15217391304347827	0.03549854575285256	0.7572507169958141
29.828522434981426	0.1	0.02330188679245283	0.15217391304347827	0.03545939294503691	0.7572507169958141
29.83852529294084	0.1	0.02327615780445969	0.15217391304347827	0.03542024013722127	0.7572507169958141
29.848528150900258	0.1	0.023250428816466554	0.15217391304347827	0.035381087329405626	0.7572507169958141
29.858531008859675	0.1	0.023224699828473416	0.15217391304347827	0.03534193452158998	0.7572507169958141
29.868533866819092	0.1	0.023198970840480275	0.15217391304347827	0.03530278171377434	0.7572507169958141
29.87853672477851	0.1	0.023173241852487134	0.15217391304347827	0.035263628905958674	0.7572507169958141
29.888539582737927	0.1	0.023147512864493996	0.15217391304347827	0.03522447609814303	0.7572507169958141
29.898542440697344	0.1	0.02312178387650086	0.15217391304347827	0.03518532329032739	0.7572507169958141
29.90854529865676	0.1	0.02309605488850772	0.15217391304347827	0.03514617048251175	0.7572507169958141
29.91854815661618	0.1	0.02307032590051458	0.15217391304347827	0.0351070176746961	0.7572507169958141
29.928551014575596	0.1	0.02304459691252144	0.15217391304347827	0.035067864866880454	0.7572507169958141
29.93855387253501	0.1	0.0230188679245283	0.15217391304347827	0.035028712059064805	0.7572507169958141
29.948556730494428	0.1	0.022993138936535165	0.15217391304347827	0.034989559251249164	0.7572507169958141
29.958559588453845	0.1	0.022967409948542024	0.15217391304347827	0.034950406443433515	0.7572507169958141
29.968562446413262	0.1	0.022941680960548886	0.16666666666666666	0.03823613493424814	0.7572507169958141
29.97856530437268	0.1	0.022915951972555745	0.16666666666666666	0.038193253287592904	0.7572507169958141
29.988568162332097	0.1	0.022890222984562607	0.16666666666666666	0.03815037164093768	0.7572507169958141
29.998571020291514	0.1	0.02286449399656947	0.16666666666666666	0.03810748999428244	0.7572507169958141
30.00857387825093	0.1	0.02283876500857633	0.16666666666666666	0.03806460834762722	0.7572507169958141
30.01857673621035	0.1	0.02281303602058319	0.16666666666666666	0.03802172670097199	0.7572507169958141
30.028579594169763	0.1	0.022787307032590052	0.16666666666666666	0.03797884505431675	0.7572507169958141
30.03858245212918	0.1	0.02276157804459691	0.16666666666666666	0.03793596340766152	0.7572507169958141
30.048585310088598	0.1	0.022735849056603776	0.16666666666666666	0.03789308176100629	0.7572507169958141
30.058588168048015	0.1	0.022710120068610635	0.16666666666666666	0.037850200114351064	0.7572507169958141
30.068591026007432	0.1	0.022684391080617497	0.16666666666666666	0.037807318467695826	0.7572507169958141
30.07859388396685	0.1	0.022658662092624356	0.16666666666666666	0.037764436821040595	0.7572507169958141
30.088596741926267	0.1	0.022632933104631214	0.16666666666666666	0.03772155517438536	0.7572507169958141
30.098599599885684	0.1	0.02260720411663808	0.16666666666666666	0.03767867352773013	0.7572507169958141
30.1086024578451	0.1	0.022581475128644942	0.16666666666666666	0.0376357918810749	0.7572507169958141
30.118605315804515	0.1	0.0225557461406518	0.16666666666666666	0.037592910234419664	0.7572507169958141
30.128608173763933	0.1	0.02253001715265866	0.16666666666666666	0.037550028587764434	0.7572507169958141
30.13861103172335	0.1	0.02250428816466552	0.16666666666666666	0.0375071469411092	0.7572507169958141
30.148613889682768	0.1	0.022478559176672387	0.16666666666666666	0.03746426529445398	0.7572507169958141
30.158616747642185	0.1	0.022452830188679246	0.16666666666666666	0.03742138364779874	0.7572507169958141
30.168619605601602	0.1	0.022427101200686105	0.16666666666666666	0.0373785020011435	0.7572507169958141
30.17862246356102	0.1	0.022401372212692967	0.16666666666666666	0.037335620354488286	0.7572507169958141
30.188625321520437	0.1	0.022375643224699825	0.16666666666666666	0.03729273870783304	0.7572507169958141
30.198628179479854	0.1	0.02234991423670669	0.16666666666666666	0.03724985706117782	0.7572507169958141
30.20863103743927	0.1	0.022324185248713553	0.16666666666666666	0.03720697541452259	0.7572507169958141
30.218633895398685	0.1	0.022298456260720412	0.16666666666666666	0.037164093767867355	0.7572507169958141
30.228636753358103	0.1	0.02227272727272727	0.16666666666666666	0.03712121212121212	0.7572507169958141
30.23863961131752	0.1	0.022246998284734133	0.16666666666666666	0.037078330474556886	0.7572507169958141
30.248642469276938	0.1	0.022221269296740998	0.16666666666666666	0.03703544882790166	0.7572507169958141
30.258645327236355	0.1	0.022195540308747857	0.16666666666666666	0.036992567181246425	0.7572507169958141
30.268648185195772	0.1	0.022169811320754716	0.16666666666666666	0.036949685534591194	0.7572507169958141
30.27865104315519	0.1	0.022144082332761578	0.16666666666666666	0.03690680388793596	0.7572507169958141
30.288653901114607	0.1	0.02211835334476844	0.16666666666666666	0.03686392224128073	0.7572507169958141
30.298656759074024	0.1	0.022092624356775302	0.16666666666666666	0.03682104059462551	0.7572507169958141
30.308659617033438	0.1	0.02206689536878216	0.16666666666666666	0.03677815894797027	0.7572507169958141
30.318662474992855	0.1	0.022041166380789023	0.16666666666666666	0.03673527730131503	0.7572507169958141
30.328665332952273	0.1	0.02201543739279588	0.16666666666666666	0.0366923956546598	0.7572507169958141
30.33866819091169	0.1	0.021989708404802744	0.16666666666666666	0.03664951400800458	0.7572507169958141
30.348671048871108	0.1	0.02196397941680961	0.16666666666666666	0.036606632361349346	0.7572507169958141
30.358673906830525	0.1	0.021938250428816468	0.16666666666666666	0.036563750714694115	0.7572507169958141
30.368676764789942	0.1	0.021912521440823327	0.16666666666666666	0.03652086906803888	0.7572507169958141
30.37867962274936	0.1	0.02188679245283019	0.16666666666666666	0.03647798742138365	0.7572507169958141
30.388682480708777	0.1	0.02186106346483705	0.16666666666666666	0.036435105774728416	0.7572507169958141
30.398685338668194	0.1	0.021835334476843913	0.16666666666666666	0.036392224128073185	0.7572507169958141
30.408688196627608	0.1	0.02180960548885077	0.16666666666666666	0.036349342481417954	0.7572507169958141
30.418691054587025	0.1	0.021783876500857634	0.16666666666666666	0.03630646083476272	0.7572507169958141
30.428693912546443	0.1	0.021758147512864492	0.16666666666666666	0.036263579188107485	0.7572507169958141
30.43869677050586	0.1	0.021732418524871355	0.16666666666666666	0.036220697541452254	0.7572507169958141
30.448699628465278	0.1	0.021706689536878217	0.16666666666666666	0.03617781589479703	0.7572507169958141
30.458702486424695	0.1	0.02168096054888508	0.16666666666666666	0.0361349342481418	0.7572507169958141
30.468705344384112	0.1	0.021655231560891938	0.16666666666666666	0.03609205260148656	0.7572507169958141
30.47870820234353	0.1	0.0216295025728988	0.16666666666666666	0.03604917095483133	0.7572507169958141
30.488711060302947	0.1	0.021603773584905662	0.16666666666666666	0.036006289308176107	0.7572507169958141
30.49871391826236	0.1	0.021578044596912524	0.16666666666666666	0.03596340766152087	0.7572507169958141
30.508716776221778	0.1	0.021552315608919383	0.16666666666666666	0.03592052601486564	0.7572507169958141
30.518719634181195	0.1	0.021526586620926245	0.16666666666666666	0.03587764436821041	0.7572507169958141
30.528722492140613	0.1	0.021500857632933103	0.18421052631578946	0.039606843008034666	0.7572507169958141
30.53872535010003	0.1	0.021475128644939966	0.18421052631578946	0.03955944750383678	0.7572507169958141
30.548728208059448	0.1	0.021449399656946828	0.18421052631578946	0.03951205199963889	0.7572507169958141
30.558731066018865	0.1	0.02142367066895369	0.18421052631578946	0.03946465649544101	0.7572507169958141
30.568733923978282	0.1	0.02139794168096055	0.18421052631578946	0.03941726099124312	0.7572507169958141
30.5787367819377	0.1	0.021372212692967407	0.18421052631578946	0.03936986548704522	0.7572507169958141
30.588739639897113	0.1	0.021346483704974273	0.18421052631578946	0.03932246998284735	0.7572507169958141
30.59874249785653	0.1	0.021320754716981135	0.18421052631578946	0.03927507447864947	0.7572507169958141
30.608745355815948	0.1	0.021295025728987994	0.18421052631578946	0.03922767897445157	0.7572507169958141
30.618748213775365	0.1	0.021269296740994852	0.18421052631578946	0.03918028347025367	0.7572507169958141
30.628751071734783	0.1	0.021243567753001714	0.18421052631578946	0.03913288796605579	0.7572507169958141
30.6387539296942	0.1	0.021217838765008577	0.18421052631578946	0.039085492461857906	0.7572507169958141
30.648756787653618	0.1	0.02119210977701544	0.18421052631578946	0.039038096957660015	0.7572507169958141
30.658759645613035	0.1	0.021166380789022297	0.18421052631578946	0.03899070145346213	0.7572507169958141
30.668762503572452	0.1	0.02114065180102916	0.18421052631578946	0.03894330594926424	0.7572507169958141
30.67876536153187	0.1	0.021114922813036018	0.18421052631578946	0.03889591044506635	0.7572507169958141
30.688768219491283	0.1	0.02108919382504288	0.18421052631578946	0.03884851494086846	0.7572507169958141
30.6987710774507	0.1	0.021063464837049746	0.18421052631578946	0.038801119436670584	0.7572507169958141
30.708773935410118	0.1	0.021037735849056605	0.18421052631578946	0.03875372393247269	0.7572507169958141
30.718776793369535	0.1	0.021012006861063463	0.18421052631578946	0.0387063284282748	0.7572507169958141
30.728779651328953	0.1	0.020986277873070325	0.18421052631578946	0.03865893292407691	0.7572507169958141
30.73878250928837	0.1	0.020960548885077188	0.18421052631578946	0.03861153741987903	0.7572507169958141
30.748785367247788	0.1	0.02093481989708405	0.18421052631578946	0.03856414191568114	0.7572507169958141
30.758788225207205	0.1	0.02090909090909091	0.18421052631578946	0.03851674641148325	0.7572507169958141
30.768791083166622	0.1	0.02088336192109777	0.18421052631578946	0.03846935090728537	0.7572507169958141
30.778793941126036	0.1	0.02085763293310463	0.18421052631578946	0.03842195540308748	0.7572507169958141
30.788796799085453	0.1	0.02083190394511149	0.18421052631578946	0.03837455989888959	0.7572507169958141
30.79879965704487	0.1	0.020806174957118354	0.18421052631578946	0.0383271643946917	0.7572507169958141
30.808802515004288	0.1	0.020780445969125216	0.18421052631578946	0.038279768890493816	0.7572507169958141
30.818805372963705	0.1	0.020754716981132074	0.18421052631578946	0.038232373386295926	0.7572507169958141
30.828808230923123	0.1	0.020728987993138936	0.18421052631578946	0.038184977882098035	0.7572507169958141
30.83881108888254	0.1	0.0207032590051458	0.18421052631578946	0.03813758237790016	0.7572507169958141
30.848813946841958	0.1	0.02067753001715266	0.18421052631578946	0.03809018687370227	0.7572507169958141
30.858816804801375	0.1	0.02065180102915952	0.18421052631578946	0.03804279136950438	0.7572507169958141
30.868819662760792	0.1	0.02062607204116638	0.18421052631578946	0.03799539586530649	0.7572507169958141
30.878822520720206	0.1	0.02060034305317324	0.18421052631578946	0.0379480003611086	0.7572507169958141
30.888825378679623	0.1	0.020574614065180102	0.18421052631578946	0.03790060485691072	0.7572507169958141
30.89882823663904	0.1	0.020548885077186965	0.18421052631578946	0.03785320935271283	0.7572507169958141
30.908831094598458	0.1	0.020523156089193827	0.18421052631578946	0.037805813848514946	0.7572507169958141
30.918833952557875	0.1	0.020497427101200685	0.18421052631578946	0.037758418344317056	0.7572507169958141
30.928836810517293	0.1	0.020471698113207544	0.18421052631578946	0.037711022840119166	0.7572507169958141
30.93883966847671	0.1	0.02044596912521441	0.18421052631578946	0.03766362733592129	0.7572507169958141
30.948842526436128	0.1	0.020420240137221272	0.18421052631578946	0.03761623183172339	0.7572507169958141
30.958845384395545	0.1	0.02039451114922813	0.18421052631578946	0.03756883632752551	0.7572507169958141
30.96884824235496	0.1	0.020368782161234993	0.18421052631578946	0.03752144082332762	0.7572507169958141
30.978851100314376	0.1	0.020343053173241855	0.18421052631578946	0.03747404531912973	0.7572507169958141
30.988853958273793	0.1	0.020317324185248713	0.18421052631578946	0.03742664981493184	0.7572507169958141
30.99885681623321	0.1	0.020291595197255576	0.18421052631578946	0.03737925431073395	0.7572507169958141
31.008859674192628	0.1	0.020265866209262438	0.18421052631578946	0.037331858806536077	0.7572507169958141
31.018862532152045	0.1	0.020240137221269296	0.18421052631578946	0.03728446330233818	0.7572507169958141
31.028865390111463	0.1	0.02021440823327616	0.18421052631578946	0.03723706779814029	0.7572507169958141
31.03886824807088	0.1	0.020188679245283017	0.18421052631578946	0.037189672293942405	0.7572507169958141
31.048871106030298	0.1	0.020162950257289883	0.18421052631578946	0.03714227678974452	0.7572507169958141
31.05887396398971	0.1	0.02013722126929674	0.18421052631578946	0.03709488128554663	0.7572507169958141
31.06887682194913	0.1	0.0201114922813036	0.18421052631578946	0.03704748578134874	0.7572507169958141
31.078879679908546	0.1	0.020085763293310466	0.18421052631578946	0.03700009027715086	0.7572507169958141
31.088882537867963	0.1	0.020060034305317324	0.18421052631578946	0.03695269477295296	0.7572507169958141
31.09888539582738	0.1	0.020034305317324187	0.18421052631578946	0.03690529926875508	0.7572507169958141
31.108888253786798	0.1	0.020008576329331045	0.18421052631578946	0.036857903764557186	0.7572507169958141
31.118891111746215	0.1	0.019982847341337907	0.18421052631578946	0.0368105082603593	0.7572507169958141
31.128893969705633	0.1	0.01995711835334477	0.18421052631578946	0.03676311275616141	0.7572507169958141
31.13889682766505	0.1	0.019931389365351628	0.18421052631578946	0.03671571725196352	0.7572507169958141
31.148899685624468	0.1	0.01990566037735849	0.18421052631578946	0.03666832174776564	0.7572507169958141
31.15890254358388	0.1	0.019879931389365352	0.18421052631578946	0.03662092624356775	0.7572507169958141
31.1689054015433	0.1	0.01985420240137221	0.18421052631578946	0.036573530739369864	0.7572507169958141
31.178908259502716	0.1	0.019828473413379073	0.18421052631578946	0.03652613523517198	0.7572507169958141
31.188911117462133	0.1	0.019802744425385935	0.18421052631578946	0.03647873973097409	0.7572507169958141
31.19891397542155	0.1	0.019777015437392798	0.18421052631578946	0.036431344226776206	0.7572507169958141
31.208916833380968	0.1	0.019751286449399656	0.18421052631578946	0.036383948722578316	0.7572507169958141
31.218919691340385	0.1	0.01972555746140652	0.18421052631578946	0.03633655321838043	0.7572507169958141
31.228922549299803	0.1	0.01969982847341338	0.18421052631578946	0.03628915771418254	0.7572507169958141
31.23892540725922	0.1	0.01967409948542024	0.18421052631578946	0.03624176220998465	0.7572507169958141
31.248928265218634	0.1	0.0196483704974271	0.18421052631578946	0.03619436670578676	0.7572507169958141
31.25893112317805	0.1	0.019622641509433963	0.18421052631578946	0.036146971201588884	0.7572507169958141
31.26893398113747	0.1	0.019596912521440822	0.18421052631578946	0.03609957569739099	0.7572507169958141
31.278936839096886	0.1	0.019571183533447684	0.18421052631578946	0.03605218019319311	0.7572507169958141
31.288939697056303	0.1	0.019545454545454546	0.18421052631578946	0.03600478468899522	0.7572507169958141
31.29894255501572	0.1	0.01951972555746141	0.18421052631578946	0.03595738918479733	0.7572507169958141
31.308945412975138	0.1	0.019493996569468267	0.18421052631578946	0.03590999368059944	0.7572507169958141
31.318948270934555	0.1	0.01946826758147513	0.18421052631578946	0.035862598176401556	0.7572507169958141
31.328951128893973	0.1	0.01944253859348199	0.18421052631578946	0.035815202672203665	0.7572507169958141
31.33895398685339	0.1	0.01941680960548885	0.18421052631578946	0.035767807168005775	0.7572507169958141
31.348956844812804	0.1	0.019391080617495712	0.18421052631578946	0.0357204116638079	0.7572507169958141
31.35895970277222	0.1	0.019365351629502574	0.18421052631578946	0.03567301615961	0.7572507169958141
31.36896256073164	0.1	0.019339622641509433	0.18421052631578946	0.03562562065541211	0.7572507169958141
31.378965418691056	0.1	0.019313893653516295	0.18421052631578946	0.03557822515121423	0.7572507169958141
31.388968276650473	0.1	0.019288164665523157	0.18421052631578946	0.035530829647016336	0.7572507169958141
31.39897113460989	0.1	0.01926243567753002	0.18421052631578946	0.03548343414281846	0.7572507169958141
31.408973992569308	0.1	0.019236706689536878	0.18421052631578946	0.03543603863862057	0.7572507169958141
31.418976850528725	0.1	0.019210977701543737	0.18421052631578946	0.03538864313442267	0.7572507169958141
31.428979708488143	0.1	0.019185248713550603	0.18421052631578946	0.03534124763022479	0.7572507169958141
31.438982566447557	0.1	0.019159519725557465	0.18421052631578946	0.03529385212602691	0.7572507169958141
31.448985424406974	0.1	0.019133790737564323	0.18421052631578946	0.03524645662182901	0.7572507169958141
31.45898828236639	0.1	0.019108061749571185	0.18421052631578946	0.03519906111763113	0.7572507169958141
31.46899114032581	0.1	0.019082332761578044	0.21428571428571427	0.04089071306052438	0.7572507169958141
31.478993998285226	0.1	0.019056603773584906	0.21428571428571427	0.0408355795148248	0.7572507169958141
31.488996856244643	0.1	0.01903087478559177	0.21428571428571427	0.04078044596912522	0.7572507169958141
31.49899971420406	0.1	0.01900514579759863	0.21428571428571427	0.040725312423425634	0.7572507169958141
31.509002572163478	0.1	0.01897941680960549	0.21428571428571427	0.040670178877726046	0.7572507169958141
31.519005430122895	0.1	0.018953687821612348	0.21428571428571427	0.04061504533202646	0.7572507169958141
31.52900828808231	0.1	0.01892795883361921	0.21428571428571427	0.040559911786326876	0.7572507169958141
31.539011146041727	0.1	0.018902229845626076	0.21428571428571427	0.04050477824062731	0.7572507169958141
31.549014004001144	0.1	0.018876500857632934	0.21428571428571427	0.04044964469492772	0.7572507169958141
31.55901686196056	0.1	0.018850771869639793	0.21428571428571427	0.040394511149228124	0.7572507169958141
31.56901971991998	0.1	0.018825042881646655	0.21428571428571427	0.04033937760352854	0.7572507169958141
31.579022577879396	0.1	0.018799313893653517	0.21428571428571427	0.04028424405782896	0.7572507169958141
31.589025435838813	0.1	0.01877358490566038	0.21428571428571427	0.04022911051212938	0.7572507169958141
31.59902829379823	0.1	0.018747855917667238	0.21428571428571427	0.040173976966429804	0.7572507169958141
31.609031151757648	0.1	0.0187221269296741	0.21428571428571427	0.04011884342073021	0.7572507169958141
31.619034009717065	0.1	0.01869639794168096	0.21428571428571427	0.04006370987503063	0.7572507169958141
31.62903686767648	0.1	0.01867066895368782	0.21428571428571427	0.040008576329331046	0.7572507169958141
31.639039725635897	0.1	0.018644939965694683	0.21428571428571427	0.03995344278363147	0.7572507169958141
31.649042583595314	0.1	0.018619210977701545	0.21428571428571427	0.03989830923793188	0.7572507169958141
31.65904544155473	0.1	0.018593481989708404	0.21428571428571427	0.039843175692232294	0.7572507169958141
31.66904829951415	0.1	0.018567753001715266	0.21428571428571427	0.03978804214653271	0.7572507169958141
31.679051157473566	0.1	0.01854202401372213	0.21428571428571427	0.039732908600833124	0.7572507169958141
31.689054015432983	0.1	0.01851629502572899	0.21428571428571427	0.03967777505513355	0.7572507169958141
31.6990568733924	0.1	0.01849056603773585	0.21428571428571427	0.03962264150943396	0.7572507169958141
31.709059731351818	0.1	0.01846483704974271	0.21428571428571427	0.03956750796373438	0.7572507169958141
31.719062589311232	0.1	0.01843910806174957	0.21428571428571427	0.03951237441803479	0.7572507169958141
31.72906544727065	0.1	0.018413379073756432	0.21428571428571427	0.03945724087233521	0.7572507169958141
31.739068305230067	0.1	0.018387650085763294	0.21428571428571427	0.03940210732663563	0.7572507169958141
31.749071163189484	0.1	0.018361921097770156	0.21428571428571427	0.039346973780936045	0.7572507169958141
31.7590740211489	0.1	0.018336192109777015	0.21428571428571427	0.039291840235236464	0.7572507169958141
31.76907687910832	0.1	0.018310463121783874	0.21428571428571427	0.039236706689536875	0.7572507169958141
31.779079737067736	0.1	0.01828473413379074	0.21428571428571427	0.039181573143837294	0.7572507169958141
31.789082595027153	0.1	0.0182590051457976	0.21428571428571427	0.03912643959813772	0.7572507169958141
31.79908545298657	0.1	0.01823327615780446	0.21428571428571427	0.03907130605243814	0.7572507169958141
31.809088310945988	0.1	0.018207547169811322	0.21428571428571427	0.03901617250673854	0.7572507169958141
31.819091168905402	0.1	0.01818181818181818	0.21428571428571427	0.03896103896103896	0.7572507169958141
31.82909402686482	0.1	0.018156089193825043	0.21428571428571427	0.03890590541533937	0.7572507169958141
31.839096884824237	0.1	0.018130360205831905	0.21428571428571427	0.0388507718696398	0.7572507169958141
31.849099742783654	0.1	0.018104631217838767	0.21428571428571427	0.038795638323940215	0.7572507169958141
31.85910260074307	0.1	0.018078902229845626	0.21428571428571427	0.03874050477824063	0.7572507169958141
31.86910545870249	0.1	0.018053173241852485	0.21428571428571427	0.03868537123254104	0.7572507169958141
31.879108316661906	0.1	0.01802744425385935	0.21428571428571427	0.038630237686841463	0.7572507169958141
31.889111174621323	0.1	0.018001715265866212	0.21428571428571427	0.03857510414114188	0.7572507169958141
31.89911403258074	0.1	0.01797598627787307	0.21428571428571427	0.03851997059544229	0.7572507169958141
31.909116890540155	0.1	0.01795025728987993	0.21428571428571427	0.038464837049742705	0.7572507169958141
31.919119748499572	0.1	0.017924528301886792	0.21428571428571427	0.03840970350404312	0.7572507169958141
31.92912260645899	0.1	0.017898799313893654	0.21428571428571427	0.03835456995834354	0.7572507169958141
31.939125464418407	0.1	0.017873070325900516	0.21428571428571427	0.038299436412643974	0.7572507169958141
31.949128322377824	0.1	0.01784734133790738	0.21428571428571427	0.03824430286694438	0.7572507169958141
31.95913118033724	0.1	0.017821612349914237	0.21428571428571427	0.0381891693212448	0.7572507169958141
31.96913403829666	0.1	0.017795883361921096	0.21428571428571427	0.03813403577554521	0.7572507169958141
31.979136896256076	0.1	0.017770154373927958	0.21428571428571427	0.03807890222984563	0.7572507169958141
31.989139754215493	0.1	0.017744425385934823	0.21428571428571427	0.03802376868414605	0.7572507169958141
31.999142612174907	0.1	0.017718696397941682	0.21428571428571427	0.03796863513844646	0.7572507169958141
32.00914547013433	0.1	0.01769296740994854	0.21428571428571427	0.037913501592746875	0.7572507169958141
32.01914832809374	0.1	0.017667238421955403	0.21428571428571427	0.03785836804704729	0.7572507169958141
32.02915118605316	0.1	0.017641509433962265	0.21428571428571427	0.03780323450134771	0.7572507169958141
32.03915404401258	0.1	0.017615780445969127	0.21428571428571427	0.03774810095564813	0.7572507169958141
32.04915690197199	0.1	0.017590051457975986	0.21428571428571427	0.03769296740994854	0.7572507169958141
32.05915975993141	0.1	0.017564322469982848	0.21428571428571427	0.03763783386424896	0.7572507169958141
32.069162617890825	0.1	0.017538593481989707	0.21428571428571427	0.03758270031854938	0.7572507169958141
32.079165475850246	0.1	0.01751286449399657	0.21428571428571427	0.037527566772849796	0.7572507169958141
32.08916833380966	0.1	0.01748713550600343	0.21428571428571427	0.037472433227150215	0.7572507169958141
32.09917119176908	0.1	0.017461406518010293	0.21428571428571427	0.03741729968145063	0.7572507169958141
32.109174049728495	0.1	0.017435677530017152	0.21428571428571427	0.03736216613575103	0.7572507169958141
32.119176907687915	0.1	0.017409948542024014	0.21428571428571427	0.03730703259005146	0.7572507169958141
32.12917976564733	0.1	0.017384219554030876	0.21428571428571427	0.037251899044351874	0.7572507169958141
32.13918262360674	0.1	0.017358490566037738	0.21428571428571427	0.03719676549865229	0.7572507169958141
32.149185481566164	0.1	0.017332761578044597	0.21428571428571427	0.037141631952952704	0.7572507169958141
32.15918833952558	0.1	0.01730703259005146	0.21428571428571427	0.03708649840725312	0.7572507169958141
32.169191197485	0.1	0.017281303602058318	0.21428571428571427	0.03703136486155354	0.7572507169958141
32.17919405544441	0.1	0.01725557461406518	0.21428571428571427	0.03697623131585395	0.7572507169958141
32.18919691340383	0.1	0.017229845626072042	0.21428571428571427	0.03692109777015437	0.7572507169958141
32.19919977136325	0.1	0.017204116638078904	0.21428571428571427	0.036865964224454796	0.7572507169958141
32.20920262932267	0.1	0.017178387650085763	0.21428571428571427	0.03681083067875521	0.7572507169958141
32.21920548728208	0.1	0.01715265866209262	0.21428571428571427	0.03675569713305561	0.7572507169958141
32.2292083452415	0.1	0.017126929674099487	0.21428571428571427	0.03670056358735604	0.7572507169958141
32.23921120320092	0.1	0.01710120068610635	0.21428571428571427	0.03664543004165646	0.7572507169958141
32.24921406116033	0.1	0.017075471698113208	0.21428571428571427	0.036590296495956874	0.7572507169958141
32.25921691911975	0.1	0.017049742710120067	0.21428571428571427	0.036535162950257286	0.7572507169958141
32.269219777079165	0.1	0.01702401372212693	0.21428571428571427	0.0364800294045577	0.7572507169958141
32.279222635038586	0.1	0.01699828473413379	0.21428571428571427	0.03642489585885812	0.7572507169958141
32.289225492998	0.1	0.016972555746140653	0.21428571428571427	0.03636976231315854	0.7572507169958141
32.29922835095742	0.1	0.016946826758147515	0.21428571428571427	0.03631462876745896	0.7572507169958141
32.309231208916835	0.1	0.016921097770154374	0.21428571428571427	0.03625949522175937	0.7572507169958141
32.319234066876255	0.1	0.016895368782161233	0.21428571428571427	0.03620436167605979	0.7572507169958141
32.32923692483567	0.1	0.016869639794168095	0.21428571428571427	0.03614922813036021	0.7572507169958141
32.33923978279508	0.1	0.01684391080617496	0.21428571428571427	0.036094094584660626	0.7572507169958141
32.349242640754504	0.1	0.01681818181818182	0.21428571428571427	0.03603896103896104	0.7572507169958141
32.35924549871392	0.1	0.016792452830188678	0.21428571428571427	0.035983827493261455	0.7572507169958141
32.36924835667334	0.1	0.01676672384219554	0.21428571428571427	0.03592869394756187	0.7572507169958141
32.37925121463275	0.1	0.016740994854202402	0.21428571428571427	0.035873560401862285	0.7572507169958141
32.38925407259217	0.1	0.016715265866209264	0.21428571428571427	0.03581842685616271	0.7572507169958141
32.39925693055159	0.1	0.016689536878216123	0.21428571428571427	0.03576329331046312	0.7572507169958141
32.40925978851101	0.1	0.016663807890222985	0.21428571428571427	0.03570815976476354	0.7572507169958141
32.41926264647042	0.1	0.016638078902229844	0.21428571428571427	0.035653026219063945	0.7572507169958141
32.429265504429836	0.1	0.016612349914236706	0.21428571428571427	0.03559789267336437	0.7572507169958141
32.43926836238926	0.1	0.01658662092624357	0.21428571428571427	0.035542759127664796	0.7572507169958141
32.44927122034867	0.1	0.01656089193825043	0.21428571428571427	0.03548762558196521	0.7572507169958141
32.45927407830809	0.1	0.01653516295025729	0.21428571428571427	0.03543249203626562	0.7572507169958141
32.469276936267505	0.1	0.01650943396226415	0.21428571428571427	0.03537735849056604	0.7572507169958141
32.479279794226926	0.1	0.016483704974271013	0.21428571428571427	0.03532222494486646	0.7572507169958141
32.48928265218634	0.1	0.016457975986277875	0.21428571428571427	0.035267091399166874	0.7572507169958141
32.49928551014576	0.1	0.016432246998284734	0.21428571428571427	0.03521195785346729	0.7572507169958141
32.509288368105175	0.1	0.016406518010291596	0.21428571428571427	0.03515682430776771	0.7572507169958141
32.51929122606459	0.1	0.016380789022298455	0.21428571428571427	0.035101690762068115	0.7572507169958141
32.52929408402401	0.1	0.016355060034305317	0.21428571428571427	0.03504655721636854	0.7572507169958141
32.53929694198342	0.1	0.01632933104631218	0.21428571428571427	0.03499142367066896	0.7572507169958141
32.549299799942844	0.1	0.01630360205831904	0.21428571428571427	0.03493629012496937	0.7572507169958141
32.55930265790226	0.1	0.0162778730703259	0.21428571428571427	0.03488115657926978	0.7572507169958141
32.56930551586168	0.1	0.016252144082332762	0.21428571428571427	0.0348260230335702	0.7572507169958141
32.57930837382109	0.1	0.016226415094339624	0.21428571428571427	0.03477088948787062	0.7572507169958141
32.58931123178051	0.1	0.016200686106346486	0.21428571428571427	0.034715755942171043	0.7572507169958141
32.59931408973993	0.1	0.016174957118353345	0.21428571428571427	0.034660622396471455	0.7572507169958141
32.60931694769934	0.1	0.016149228130360207	0.21428571428571427	0.03460548885077187	0.7572507169958141
32.61931980565876	0.1	0.016123499142367066	0.21428571428571427	0.03455035530507228	0.7572507169958141
32.629322663618176	0.1	0.016097770154373928	0.21428571428571427	0.0344952217593727	0.7572507169958141
32.6393255215776	0.1	0.01607204116638079	0.21428571428571427	0.03444008821367312	0.7572507169958141
32.64932837953701	0.1	0.016046312178387652	0.21428571428571427	0.03438495466797353	0.7572507169958141
32.65933123749643	0.1	0.01602058319039451	0.21428571428571427	0.034329821122273944	0.7572507169958141
32.669334095455845	0.1	0.015994854202401373	0.21428571428571427	0.03427468757657437	0.7572507169958141
32.679336953415266	0.1	0.015969125214408235	0.21428571428571427	0.03421955403087479	0.7572507169958141
32.68933981137468	0.1	0.015943396226415097	0.21428571428571427	0.03416442048517521	0.7572507169958141
32.6993426693341	0.1	0.015917667238421956	0.21428571428571427	0.03410928693947562	0.7572507169958141
32.709345527293515	0.1	0.015891938250428814	0.21428571428571427	0.03405415339377603	0.7572507169958141
32.71934838525293	0.1	0.01586620926243568	0.21428571428571427	0.03399901984807646	0.7572507169958141
32.72935124321235	0.1	0.01584048027444254	0.21428571428571427	0.033943886302376866	0.7572507169958141
32.73935410117176	0.1	0.0158147512864494	0.21428571428571427	0.03388875275667729	0.7572507169958141
32.749356959131184	0.1	0.01578902229845626	0.21428571428571427	0.0338336192109777	0.7572507169958141
32.7593598170906	0.1	0.01576329331046312	0.21428571428571427	0.033778485665278114	0.7572507169958141
32.76936267505002	0.1	0.015737564322469984	0.21428571428571427	0.03372335211957853	0.7572507169958141
32.77936553300943	0.1	0.015711835334476842	0.21428571428571427	0.033668218573878944	0.7572507169958141
32.78936839096885	0.1	0.015686106346483708	0.21428571428571427	0.03361308502817937	0.7572507169958141
32.79937124892827	0.1	0.015660377358490567	0.21428571428571427	0.03355795148247979	0.7572507169958141
32.80937410688768	0.1	0.015634648370497425	0.21428571428571427	0.03350281793678019	0.7572507169958141
32.8193769648471	0.1	0.01560891938250429	0.21428571428571427	0.033447684391080625	0.7572507169958141
32.829379822806516	0.1	0.01558319039451115	0.21428571428571427	0.033392550845381036	0.7572507169958141
32.83938268076594	0.1	0.015557461406518012	0.21428571428571427	0.033337417299681454	0.7572507169958141
32.84938553872535	0.1	0.015531732418524872	0.21428571428571427	0.033282283753981866	0.7572507169958141
32.85938839668477	0.1	0.015506003430531733	0.21428571428571427	0.033227150208282284	0.7572507169958141
32.869391254644185	0.1	0.015480274442538595	0.21428571428571427	0.0331720166625827	0.7572507169958141
32.879394112603606	0.1	0.015454545454545455	0.21428571428571427	0.033116883116883114	0.7572507169958141
32.88939697056302	0.1	0.015428816466552317	0.21428571428571427	0.03306174957118353	0.7572507169958141
32.899399828522434	0.1	0.015403087478559178	0.21428571428571427	0.03300661602548396	0.7572507169958141
32.909402686481855	0.1	0.015377358490566036	0.21428571428571427	0.03295148247978436	0.7572507169958141
32.91940554444127	0.1	0.0153516295025729	0.21428571428571427	0.03289634893408479	0.7572507169958141
32.92940840240069	0.1	0.015325900514579759	0.21428571428571427	0.0328412153883852	0.7572507169958141
32.9394112603601	0.1	0.015300171526586623	0.21428571428571427	0.032786081842685624	0.7572507169958141
32.949414118319524	0.1	0.015274442538593481	0.21428571428571427	0.03273094829698603	0.7572507169958141
32.95941697627894	0.1	0.015248713550600342	0.21428571428571427	0.03267581475128645	0.7572507169958141
32.96941983423836	0.1	0.015222984562607206	0.21428571428571427	0.032620681205586866	0.7572507169958141
32.97942269219777	0.1	0.015197255574614064	0.21428571428571427	0.03256554765988729	0.7572507169958141
32.989425550157186	0.1	0.015171526586620928	0.21428571428571427	0.0325104141141877	0.7572507169958141
32.99942840811661	0.1	0.015145797598627787	0.21428571428571427	0.032455280568488114	0.7572507169958141
33.00943126607602	0.1	0.015120068610634647	0.21428571428571427	0.03240014702278853	0.7572507169958141
33.01943412403544	0.1	0.01509433962264151	0.21428571428571427	0.03234501347708895	0.7572507169958141
33.029436981994856	0.1	0.01506861063464837	0.21428571428571427	0.03228987993138936	0.7572507169958141
33.03943983995428	0.1	0.015042881646655234	0.21428571428571427	0.03223474638568979	0.7572507169958141
33.04944269791369	0.1	0.015017152658662093	0.21428571428571427	0.0321796128399902	0.7572507169958141
33.05944555587311	0.1	0.014991423670668953	0.21428571428571427	0.03212447929429061	0.7572507169958141
33.069448413832525	0.1	0.014965694682675815	0.21428571428571427	0.032069345748591035	0.7572507169958141
33.07945127179194	0.1	0.014939965694682675	0.21428571428571427	0.03201421220289145	0.7572507169958141
33.08945412975136	0.1	0.014914236706689538	0.21428571428571427	0.031959078657191865	0.7572507169958141
33.099456987710774	0.1	0.014888507718696398	0.21428571428571427	0.031903945111492284	0.7572507169958141
33.109459845670195	0.1	0.014862778730703258	0.21428571428571427	0.0318488115657927	0.7572507169958141
33.11946270362961	0.1	0.01483704974271012	0.21428571428571427	0.031793678020093114	0.7572507169958141
33.12946556158903	0.1	0.014811320754716981	0.21428571428571427	0.03173854447439353	0.7572507169958141
33.13946841954844	0.1	0.014785591766723843	0.21428571428571427	0.03168341092869394	0.7572507169958141
33.149471277507864	0.1	0.014759862778730704	0.21428571428571427	0.03162827738299437	0.7572507169958141
33.15947413546728	0.1	0.014734133790737564	0.21428571428571427	0.03157314383729478	0.7572507169958141
33.1694769934267	0.1	0.014708404802744426	0.21428571428571427	0.0315180102915952	0.7572507169958141
33.17947985138611	0.1	0.014682675814751286	0.21428571428571427	0.03146287674589562	0.7572507169958141
33.189482709345526	0.1	0.014656946826758149	0.21428571428571427	0.031407743200196035	0.7572507169958141
33.19948556730495	0.1	0.014631217838765009	0.21428571428571427	0.03135260965449645	0.7572507169958141
33.20948842526436	0.1	0.01460548885077187	0.21428571428571427	0.03129747610879686	0.7572507169958141
33.21949128322378	0.1	0.014579759862778732	0.21428571428571427	0.031242342563097283	0.7572507169958141
33.229494141183196	0.1	0.014554030874785592	0.21428571428571427	0.031187209017397695	0.7572507169958141
33.23949699914262	0.1	0.014528301886792454	0.21428571428571427	0.03113207547169812	0.7572507169958141
33.24949985710203	0.1	0.014502572898799315	0.21428571428571427	0.03107694192599853	0.7572507169958141
33.25950271506145	0.1	0.014476843910806173	0.21428571428571427	0.031021808380298947	0.7572507169958141
33.269505573020865	0.1	0.014451114922813037	0.21428571428571427	0.030966674834599358	0.7572507169958141
33.27950843098028	0.1	0.014425385934819897	0.21428571428571427	0.030911541288899783	0.7572507169958141
33.2895112889397	0.1	0.01439965694682676	0.21428571428571427	0.030856407743200205	0.7572507169958141
33.299514146899114	0.1	0.01437392795883362	0.21428571428571427	0.030801274197500613	0.7572507169958141
33.309517004858535	0.1	0.014348198970840479	0.21428571428571427	0.03074614065180103	0.7572507169958141
33.31951986281795	0.1	0.014322469982847343	0.21428571428571427	0.030691007106101446	0.7572507169958141
33.32952272077737	0.1	0.014296740994854201	0.21428571428571427	0.030635873560401858	0.7572507169958141
33.33952557873678	0.1	0.014271012006861065	0.21428571428571427	0.030580740014702287	0.7572507169958141
33.349528436696204	0.1	0.014245283018867926	0.21428571428571427	0.030525606469002698	0.7572507169958141
33.35953129465562	0.1	0.014219554030874784	0.21428571428571427	0.030470472923303113	0.7572507169958141
33.36953415261503	0.1	0.014193825042881648	0.21428571428571427	0.03041533937760353	0.7572507169958141
33.37953701057445	0.1	0.014168096054888507	0.21428571428571427	0.030360205831903943	0.7572507169958141
33.389539868533866	0.1	0.01414236706689537	0.21428571428571427	0.03030507228620436	0.7572507169958141
33.39954272649329	0.1	0.01411663807890223	0.21428571428571427	0.030249938740504776	0.7572507169958141
33.4095455844527	0.1	0.01409090909090909	0.21428571428571427	0.030194805194805194	0.7572507169958141
33.41954844241212	0.1	0.014065180102915952	0.21428571428571427	0.030139671649105613	0.7572507169958141
33.429551300371536	0.1	0.014039451114922812	0.21428571428571427	0.030084538103406028	0.7572507169958141
33.43955415833096	0.1	0.014013722126929674	0.21428571428571427	0.030029404557706443	0.7572507169958141
33.44955701629037	0.1	0.013987993138936535	0.21428571428571427	0.029974271012006865	0.7572507169958141
33.459559874249784	0.1	0.013962264150943395	0.21428571428571427	0.029919137466307272	0.7572507169958141
33.469562732209205	0.1	0.013936535162950257	0.19230769230769232	0.026801029159519724	0.7572507169958141
33.47956559016862	0.1	0.013910806174957118	0.19230769230769232	0.026751550336455997	0.7572507169958141
33.48956844812804	0.1	0.01388507718696398	0.19230769230769232	0.02670207151339227	0.7572507169958141
33.499571306087454	0.1	0.01385934819897084	0.19230769230769232	0.02665259269032854	0.7572507169958141
33.509574164046875	0.1	0.0138336192109777	0.19230769230769232	0.026603113867264806	0.7572507169958141
33.51957702200629	0.1	0.013807890222984563	0.19230769230769232	0.026553635044201083	0.7572507169958141
33.52957987996571	0.1	0.013782161234991423	0.19230769230769232	0.026504156221137352	0.7572507169958141
33.53958273792512	0.1	0.013756432246998285	0.19230769230769232	0.026454677398073626	0.7572507169958141
33.54958559588454	0.1	0.013730703259005146	0.19230769230769232	0.026405198575009895	0.7572507169958141
33.55958845384396	0.1	0.013704974271012006	0.19230769230769232	0.026355719751946168	0.7572507169958141
33.56959131180337	0.1	0.013679245283018868	0.19230769230769232	0.02630624092888244	0.7572507169958141
33.57959416976279	0.1	0.013653516295025729	0.19230769230769232	0.02625676210581871	0.7572507169958141
33.589597027722206	0.1	0.013627787307032591	0.19230769230769232	0.026207283282754984	0.7572507169958141
33.59959988568163	0.1	0.013602058319039451	0.19230769230769232	0.02615780445969125	0.7572507169958141
33.60960274364104	0.1	0.013576329331046312	0.19230769230769232	0.026108325636627523	0.7572507169958141
33.61960560160046	0.1	0.013550600343053174	0.19230769230769232	0.026058846813563793	0.7572507169958141
33.629608459559876	0.1	0.013524871355060036	0.19230769230769232	0.026009367990500073	0.7572507169958141
33.6396113175193	0.1	0.013499142367066896	0.19230769230769232	0.025959889167436342	0.7572507169958141
33.64961417547871	0.1	0.013473413379073757	0.19230769230769232	0.02591041034437261	0.7572507169958141
33.659617033438124	0.1	0.013447684391080617	0.19230769230769232	0.025860931521308878	0.7572507169958141
33.669619891397545	0.1	0.01342195540308748	0.19230769230769232	0.02581145269824515	0.7572507169958141
33.67962274935696	0.1	0.013396226415094342	0.19230769230769232	0.025761973875181424	0.7572507169958141
33.68962560731638	0.1	0.013370497427101202	0.19230769230769232	0.025712495052117694	0.7572507169958141
33.699628465275794	0.1	0.013344768439108062	0.19230769230769232	0.025663016229053967	0.7572507169958141
33.709631323235214	0.1	0.013319039451114921	0.19230769230769232	0.025613537405990233	0.7572507169958141
33.71963418119463	0.1	0.013293310463121785	0.19230769230769232	0.02556405858292651	0.7572507169958141
33.72963703915405	0.1	0.013267581475128647	0.19230769230769232	0.025514579759862783	0.7572507169958141
33.73963989711346	0.1	0.013241852487135507	0.19230769230769232	0.025465100936799056	0.7572507169958141
33.74964275507288	0.1	0.013216123499142366	0.19230769230769232	0.025415622113735322	0.7572507169958141
33.7596456130323	0.1	0.013190394511149226	0.19230769230769232	0.025366143290671588	0.7572507169958141
33.76964847099171	0.1	0.01316466552315609	0.19230769230769232	0.025316664467607865	0.7572507169958141
33.77965132895113	0.1	0.013138936535162953	0.19230769230769232	0.02526718564454414	0.7572507169958141
33.789654186910546	0.1	0.013113207547169813	0.19230769230769232	0.02521770682148041	0.7572507169958141
33.79965704486997	0.1	0.013087478559176672	0.19230769230769232	0.025168227998416677	0.7572507169958141
33.80965990282938	0.1	0.013061749571183532	0.19230769230769232	0.025118749175352947	0.7572507169958141
33.8196627607888	0.1	0.013036020583190394	0.19230769230769232	0.025069270352289216	0.7572507169958141
33.829665618748216	0.1	0.013010291595197255	0.19230769230769232	0.02501979152922549	0.7572507169958141
33.83966847670763	0.1	0.012984562607204118	0.19230769230769232	0.024970312706161762	0.7572507169958141
33.84967133466705	0.1	0.012958833619210977	0.19230769230769232	0.024920833883098032	0.7572507169958141
33.859674192626464	0.1	0.012933104631217841	0.19230769230769232	0.02487135506003431	0.7572507169958141
33.869677050585885	0.1	0.0129073756432247	0.19230769230769232	0.024821876236970575	0.7572507169958141
33.8796799085453	0.1	0.012881646655231564	0.19230769230769232	0.024772397413906855	0.7572507169958141
33.88968276650472	0.1	0.012855917667238422	0.19230769230769232	0.02472291859084312	0.7572507169958141
33.899685624464134	0.1	0.012830188679245283	0.19230769230769232	0.024673439767779394	0.7572507169958141
33.909688482423554	0.1	0.012804459691252145	0.19230769230769232	0.02462396094471566	0.7572507169958141
33.91969134038297	0.1	0.012778730703259005	0.19230769230769232	0.024574482121651933	0.7572507169958141
33.92969419834238	0.1	0.012753001715265867	0.19230769230769232	0.024525003298588203	0.7572507169958141
33.9396970563018	0.1	0.012727272727272728	0.19230769230769232	0.024475524475524476	0.7572507169958141
33.94969991426122	0.1	0.012701543739279588	0.19230769230769232	0.024426045652460746	0.7572507169958141
33.95970277222064	0.1	0.01267581475128645	0.19230769230769232	0.024376566829397022	0.7572507169958141
33.96970563018005	0.1	0.01265008576329331	0.19230769230769232	0.02432708800633329	0.7572507169958141
33.97970848813947	0.1	0.012624356775300173	0.19230769230769232	0.02427760918326956	0.7572507169958141
33.989711346098886	0.1	0.012598627787307033	0.19230769230769232	0.02422813036020583	0.7572507169958141
33.99971420405831	0.1	0.012572898799313894	0.19230769230769232	0.0241786515371421	0.7572507169958141
34.00971706201772	0.1	0.012547169811320756	0.19230769230769232	0.024129172714078377	0.7572507169958141
34.019719919977135	0.1	0.012521440823327616	0.19230769230769232	0.024079693891014643	0.7572507169958141
34.029722777936556	0.1	0.012495711835334478	0.19230769230769232	0.02403021506795092	0.7572507169958141
34.03972563589597	0.1	0.012469982847341339	0.19230769230769232	0.023980736244887193	0.7572507169958141
34.04972849385539	0.1	0.012444253859348199	0.19230769230769232	0.02393125742182346	0.7572507169958141
34.059731351814804	0.1	0.012418524871355061	0.19230769230769232	0.023881778598759732	0.7572507169958141
34.069734209774225	0.1	0.012392795883361922	0.25	0.0309819897084048	0.7572507169958141
34.07973706773364	0.1	0.012367066895368784	0.25	0.03091766723842196	0.7572507169958141
34.08973992569306	0.1	0.012341337907375644	0.25	0.03085334476843911	0.7572507169958141
34.099742783652474	0.1	0.012315608919382505	0.25	0.030789022298456266	0.7572507169958141
34.109745641611894	0.1	0.012289879931389367	0.25	0.030724699828473416	0.7572507169958141
34.11974849957131	0.1	0.012264150943396227	0.25	0.03066037735849057	0.7572507169958141
34.12975135753072	0.1	0.01223842195540309	0.25	0.030596054888507723	0.7572507169958141
34.13975421549014	0.1	0.01221269296740995	0.25	0.03053173241852487	0.7572507169958141
34.14975707344956	0.1	0.01218696397941681	0.25	0.030467409948542024	0.7572507169958141
34.15975993140898	0.1	0.012161234991423672	0.25	0.030403087478559184	0.7572507169958141
34.16976278936839	0.1	0.012135506003430533	0.25	0.030338765008576338	0.7572507169958141
34.17976564732781	0.1	0.012109777015437393	0.25	0.03027444253859348	0.7572507169958141
34.189768505287226	0.1	0.012084048027444255	0.25	0.030210120068610638	0.7572507169958141
34.19977136324665	0.1	0.012058319039451114	0.25	0.03014579759862779	0.7572507169958141
34.20977422120606	0.1	0.012032590051457978	0.25	0.030081475128644942	0.7572507169958141
34.219777079165475	0.1	0.012006861063464836	0.25	0.030017152658662092	0.7572507169958141
34.229779937124896	0.1	0.011981132075471699	0.25	0.02995283018867925	0.7572507169958141
34.23978279508431	0.1	0.011955403087478559	0.25	0.029888507718696403	0.7572507169958141
34.24978565304373	0.1	0.011929674099485421	0.25	0.029824185248713553	0.7572507169958141
34.259788511003144	0.1	0.011903945111492283	0.5	0.05951972555746142	0.7572507169958141
34.269791368962565	0.1	0.011878216123499142	0.5	0.059391080617495706	0.7572507169958141
34.27979422692198	0.1	0.011852487135506004	0.5	0.05926243567753001	0.7572507169958141
34.2897970848814	0.1	0.011826758147512864	0.5	0.059133790737564335	0.7572507169958141
34.299799942840814	0.1	0.011801029159519727	0.5	0.05900514579759862	0.7572507169958141
34.30980280080023	0.1	0.011775300171526587	0.5	0.05887650085763294	0.7572507169958141
34.31980565875965	0.1	0.011749571183533447	0.5	0.05874785591766724	0.7572507169958141
34.32980851671906	0.1	0.01172384219554031	0.5	0.05861921097770154	0.7572507169958141
34.33981137467848	0.1	0.01169811320754717	0.5	0.05849056603773584	0.7572507169958141
34.3498142326379	0.1	0.011672384219554032	0.5	0.05836192109777016	0.7572507169958141
34.35981709059732	0.1	0.011646655231560893	0.5	0.058233276157804464	0.7572507169958141
34.36981994855673	0.1	0.011620926243567753	0.5	0.058104631217838765	0.7572507169958141
34.37982280651615	0.1	0.011595197255574615	0.5	0.05797598627787307	0.7572507169958141
34.389825664475566	0.1	0.011569468267581475	0.5	0.057847341337907365	0.7572507169958141
34.39982852243498	0.1	0.011543739279588338	0.5	0.057718696397941686	0.7572507169958141
34.4098313803944	0.1	0.011518010291595198	0.5	0.057590051457975994	0.7572507169958141
34.419834238353815	0.1	0.011492281303602058	0.5	0.057461406518010294	0.7572507169958141
34.429837096313236	0.1	0.011466552315608919	0.5	0.0573327615780446	0.7572507169958141
34.43983995427265	0.1	0.011440823327615781	0.5	0.05720411663807891	0.7572507169958141
34.44984281223207	0.1	0.011415094339622643	0.5	0.057075471698113216	0.7572507169958141
34.459845670191484	0.1	0.011389365351629504	0.5	0.056946826758147516	0.7572507169958141
34.469848528150905	0.1	0.011363636363636364	0.5	0.056818181818181816	0.7572507169958141
34.47985138611032	0.1	0.011337907375643224	0.5	0.05668953687821613	0.7572507169958141
34.48985424406973	0.1	0.011312178387650087	0.5	0.05656089193825043	0.7572507169958141
34.499857102029154	0.1	0.011286449399656947	0.5	0.05643224699828474	0.7572507169958141
34.50985995998857	0.1	0.011260720411663809	0.5	0.056303602058319045	0.7572507169958141
34.51986281794799	0.1	0.01123499142367067	0.5	0.056174957118353346	0.7572507169958141
34.5298656759074	0.1	0.01120926243567753	0.5	0.05604631217838765	0.7572507169958141
34.53986853386682	0.1	0.011183533447684392	0.5	0.05591766723842196	0.7572507169958141
34.54987139182624	0.1	0.011157804459691252	0.5	0.05578902229845627	0.7572507169958141
34.55987424978566	0.1	0.011132075471698115	0.5	0.055660377358490574	0.7572507169958141
34.56987710774507	0.1	0.011106346483704975	0.5	0.05553173241852487	0.7572507169958141
34.57987996570449	0.1	0.011080617495711835	0.5	0.05540308747855919	0.7572507169958141
34.589882823663906	0.1	0.011054888507718698	0.5	0.05527444253859348	0.7572507169958141
34.59988568162332	0.1	0.011029159519725558	0.5	0.05514579759862779	0.7572507169958141
34.60988853958274	0.1	0.01100343053173242	0.5	0.0550171526586621	0.7572507169958141
34.619891397542155	0.1	0.010977701543739279	0.5	0.0548885077186964	0.7572507169958141
34.629894255501576	0.1	0.010951972555746141	0.5	0.0547598627787307	0.7572507169958141
34.63989711346099	0.1	0.010926243567753003	0.5	0.054631217838765005	0.7572507169958141
34.64989997142041	0.1	0.010900514579759863	0.5	0.05450257289879931	0.7572507169958141
34.659902829379824	0.1	0.010874785591766726	0.5	0.05437392795883362	0.7572507169958141
34.669905687339245	0.1	0.010849056603773584	0.5	0.054245283018867926	0.7572507169958141
34.67990854529866	0.1	0.010823327615780446	0.5	0.05411663807890224	0.7572507169958141
34.68991140325807	0.1	0.010797598627787307	0.5	0.05398799313893654	0.7572507169958141
34.699914261217494	0.1	0.010771869639794169	0.5	0.05385934819897084	0.7572507169958141
34.70991711917691	0.1	0.01074614065180103	0.5	0.05373070325900515	0.7572507169958141
34.71991997713633	0.1	0.01072041166380789	0.5	0.053602058319039456	0.7572507169958141
34.72992283509574	0.1	0.010694682675814752	0.5	0.053473413379073756	0.7572507169958141
34.73992569305516	0.1	0.010668953687821612	0.5	0.05334476843910807	0.7572507169958141
34.74992855101458	0.1	0.010643224699828474	0.5	0.05321612349914238	0.7572507169958141
34.759931408974	0.1	0.010617495711835335	0.5	0.05308747855917667	0.7572507169958141
34.76993426693341	0.1	0.010591766723842195	0.5	0.05295883361921097	0.7572507169958141
34.779937124892825	0.1	0.010566037735849057	0.5	0.052830188679245285	0.7572507169958141
34.789939982852246	0.1	0.010540308747855918	0.5	0.052701543739279585	0.7572507169958141
34.79994284081166	0.1	0.01051457975986278	0.5	0.05257289879931389	0.7572507169958141
34.80994569877108	0.1	0.01048885077186964	0.5	0.05244425385934821	0.7572507169958141
34.819948556730495	0.1	0.0104631217838765	0.5	0.0523156089193825	0.7572507169958141
34.829951414689916	0.1	0.010437392795883361	0.5	0.05218696397941681	0.7572507169958141
34.83995427264933	0.1	0.010411663807890223	0.5	0.052058319039451115	0.7572507169958141
34.84995713060875	0.1	0.010385934819897085	0.5	0.051929674099485436	0.7572507169958141
34.859959988568164	0.1	0.010360205831903946	0.5	0.05180102915951973	0.7572507169958141
34.86996284652758	0.1	0.010334476843910808	0.5	0.051672384219554036	0.7572507169958141
34.879965704487	0.1	0.010308747855917667	0.5	0.05154373927958834	0.7572507169958141
34.88996856244641	0.1	0.010283018867924529	0.5	0.05141509433962265	0.7572507169958141
34.899971420405834	0.1	0.01025728987993139	0.5	0.05128644939965695	0.7572507169958141
34.90997427836525	0.1	0.010231560891938251	0.5	0.05115780445969126	0.7572507169958141
34.91997713632467	0.1	0.010205831903945112	0.5	0.051029159519725566	0.7572507169958141
34.92997999428408	0.1	0.010180102915951972	0.5	0.05090051457975986	0.7572507169958141
34.9399828522435	0.1	0.010154373927958834	0.5	0.050771869639794166	0.7572507169958141
34.94998571020292	0.1	0.010128644939965695	0.5	0.050643224699828474	0.7572507169958141
34.95998856816233	0.1	0.010102915951972557	0.5	0.050514579759862774	0.7572507169958141
34.96999142612175	0.1	0.010077186963979417	0.5	0.05038593481989709	0.7572507169958141
34.979994284081165	0.1	0.010051457975986278	0.5	0.050257289879931395	0.7572507169958141
34.989997142040586	0.1	0.01002572898799314	0.5	0.05012864493996569	0.7572507169958141
35.0	0.1	0.01	0.5	0.05	0.7572507169958141
